SET t /1*128/;
SET m /1*8/;
SET c /1*12/;
PARAMETER m_cant_cores(m)
	/	1	2
		2	4
		3	4
		4	2
		5	4
		6	4
		7	12
		8	2 /;
PARAMETER m_cores(m, c)
	/	1	.1	1
		1	.2	1
		1	.3	0
		1	.4	0
		1	.5	0
		1	.6	0
		1	.7	0
		1	.8	0
		1	.9	0
		1	.10	0
		1	.11	0
		1	.12	0
		2	.1	1
		2	.2	1
		2	.3	1
		2	.4	1
		2	.5	0
		2	.6	0
		2	.7	0
		2	.8	0
		2	.9	0
		2	.10	0
		2	.11	0
		2	.12	0
		3	.1	1
		3	.2	1
		3	.3	1
		3	.4	1
		3	.5	0
		3	.6	0
		3	.7	0
		3	.8	0
		3	.9	0
		3	.10	0
		3	.11	0
		3	.12	0
		4	.1	1
		4	.2	1
		4	.3	0
		4	.4	0
		4	.5	0
		4	.6	0
		4	.7	0
		4	.8	0
		4	.9	0
		4	.10	0
		4	.11	0
		4	.12	0
		5	.1	1
		5	.2	1
		5	.3	1
		5	.4	1
		5	.5	0
		5	.6	0
		5	.7	0
		5	.8	0
		5	.9	0
		5	.10	0
		5	.11	0
		5	.12	0
		6	.1	1
		6	.2	1
		6	.3	1
		6	.4	1
		6	.5	0
		6	.6	0
		6	.7	0
		6	.8	0
		6	.9	0
		6	.10	0
		6	.11	0
		6	.12	0
		7	.1	1
		7	.2	1
		7	.3	1
		7	.4	1
		7	.5	1
		7	.6	1
		7	.7	1
		7	.8	1
		7	.9	1
		7	.10	1
		7	.11	1
		7	.12	1
		8	.1	1
		8	.2	1
		8	.3	0
		8	.4	0
		8	.5	0
		8	.6	0
		8	.7	0
		8	.8	0
		8	.9	0
		8	.10	0
		8	.11	0
		8	.12	0 /;
PARAMETER t_arrival(t)
	/	1	102.0
		2	104.0
		3	115.0
		4	121.0
		5	195.0
		6	212.0
		7	219.0
		8	232.0
		9	251.0
		10	262.0
		11	277.0
		12	284.0
		13	352.0
		14	362.0
		15	368.0
		16	390.0
		17	413.0
		18	421.0
		19	425.0
		20	474.0
		21	544.0
		22	567.0
		23	577.0
		24	584.0
		25	604.0
		26	630.0
		27	638.0
		28	646.0
		29	678.0
		30	686.0
		31	722.0
		32	746.0
		33	752.0
		34	770.0
		35	777.0
		36	808.0
		37	855.0
		38	887.0
		39	892.0
		40	915.0
		41	928.0
		42	936.0
		43	939.0
		44	962.0
		45	966.0
		46	975.0
		47	990.0
		48	993.0
		49	994.0
		50	1030.0
		51	1051.0
		52	1056.0
		53	1064.0
		54	1098.0
		55	1105.0
		56	1112.0
		57	1120.0
		58	1131.0
		59	1142.0
		60	1158.0
		61	1188.0
		62	1198.0
		63	1200.0
		64	1255.0
		65	1290.0
		66	1305.0
		67	1361.0
		68	1369.0
		69	1402.0
		70	1407.0
		71	1418.0
		72	1447.0
		73	1471.0
		74	1475.0
		75	1476.0
		76	1551.0
		77	1596.0
		78	1620.0
		79	1631.0
		80	1632.0
		81	1633.0
		82	1721.0
		83	1732.0
		84	1742.0
		85	1777.0
		86	1786.0
		87	1790.0
		88	1792.0
		89	1869.0
		90	1900.0
		91	1942.0
		92	2027.0
		93	2032.0
		94	2042.0
		95	2044.0
		96	2062.0
		97	2139.0
		98	2148.0
		99	2150.0
		100	2168.0
		101	2171.0
		102	2173.0
		103	2265.0
		104	2274.0
		105	2281.0
		106	2292.0
		107	2313.0
		108	2343.0
		109	2349.0
		110	2400.0
		111	2424.0
		112	2425.0
		113	2462.0
		114	2472.0
		115	2478.0
		116	2490.0
		117	2501.0
		118	2524.0
		119	2559.0
		120	2600.0
		121	2637.0
		122	2722.0
		123	2758.0
		124	2812.0
		125	2943.0
		126	2943.0
		127	2973.0
		128	2980.0 /;
PARAMETER t_cores(t)
	/	1	1
		2	1
		3	1
		4	1
		5	1
		6	4
		7	1
		8	1
		9	2
		10	1
		11	1
		12	1
		13	1
		14	1
		15	1
		16	1
		17	1
		18	1
		19	1
		20	1
		21	1
		22	1
		23	1
		24	1
		25	1
		26	1
		27	1
		28	1
		29	1
		30	1
		31	1
		32	1
		33	2
		34	1
		35	1
		36	1
		37	1
		38	1
		39	2
		40	1
		41	1
		42	1
		43	1
		44	1
		45	1
		46	1
		47	1
		48	1
		49	1
		50	2
		51	1
		52	1
		53	2
		54	1
		55	1
		56	1
		57	1
		58	1
		59	1
		60	1
		61	1
		62	1
		63	1
		64	1
		65	1
		66	2
		67	1
		68	1
		69	1
		70	2
		71	1
		72	1
		73	1
		74	2
		75	1
		76	1
		77	1
		78	1
		79	2
		80	1
		81	1
		82	1
		83	1
		84	2
		85	1
		86	2
		87	1
		88	1
		89	1
		90	1
		91	1
		92	2
		93	1
		94	1
		95	1
		96	2
		97	2
		98	1
		99	1
		100	1
		101	1
		102	1
		103	1
		104	1
		105	1
		106	1
		107	1
		108	1
		109	1
		110	1
		111	1
		112	1
		113	1
		114	8
		115	1
		116	1
		117	2
		118	1
		119	1
		120	1
		121	2
		122	1
		123	1
		124	1
		125	1
		126	1
		127	1
		128	1 /;
PARAMETER t_priorities(t)
	/	1	3
		2	3
		3	3
		4	3
		5	3
		6	2
		7	4
		8	3
		9	2
		10	3
		11	3
		12	3
		13	3
		14	3
		15	3
		16	2
		17	2
		18	3
		19	3
		20	3
		21	1
		22	3
		23	4
		24	4
		25	4
		26	3
		27	3
		28	3
		29	3
		30	3
		31	3
		32	3
		33	4
		34	3
		35	3
		36	3
		37	3
		38	3
		39	2
		40	3
		41	4
		42	3
		43	3
		44	3
		45	3
		46	3
		47	4
		48	2
		49	3
		50	3
		51	2
		52	3
		53	3
		54	3
		55	3
		56	2
		57	3
		58	3
		59	4
		60	3
		61	3
		62	2
		63	3
		64	3
		65	3
		66	3
		67	3
		68	3
		69	3
		70	3
		71	3
		72	1
		73	3
		74	3
		75	3
		76	2
		77	3
		78	3
		79	3
		80	4
		81	3
		82	3
		83	3
		84	3
		85	2
		86	5
		87	5
		88	3
		89	3
		90	3
		91	3
		92	5
		93	1
		94	2
		95	3
		96	3
		97	2
		98	4
		99	3
		100	3
		101	2
		102	3
		103	2
		104	3
		105	3
		106	1
		107	2
		108	2
		109	3
		110	3
		111	3
		112	3
		113	3
		114	3
		115	3
		116	3
		117	4
		118	3
		119	3
		120	4
		121	3
		122	3
		123	3
		124	3
		125	3
		126	3
		127	3
		128	4 /;
PARAMETER etc(t,m)
	/	1	.1	9803.4581
		1	.2	11255.0432
		1	.3	10145.5730
		1	.4	9803.4581
		1	.5	12224.1023
		1	.6	12672.8686
		1	.7	9896.7690
		1	.8	9426.5306
		2	.1	20783.5736
		2	.2	23860.9700
		2	.3	21508.8656
		2	.4	20783.5736
		2	.5	25915.3992
		2	.6	26866.7949
		2	.7	20981.3951
		2	.8	19984.4780
		3	.1	1176.6018
		3	.2	1350.8197
		3	.3	1217.6621
		3	.4	1176.6018
		3	.5	1467.1253
		3	.6	1520.9858
		3	.7	1187.8009
		3	.8	1131.3633
		4	.1	2489.1427
		4	.2	2857.7068
		4	.3	2576.0072
		4	.4	2489.1427
		4	.5	3103.7553
		4	.6	3217.6991
		4	.7	2512.8348
		4	.8	2393.4391
		5	.1	6654.4501
		5	.2	7639.7658
		5	.3	6886.6729
		5	.4	6654.4501
		5	.5	8297.5495
		5	.6	8602.1658
		5	.7	6717.7883
		5	.8	6398.5970
		6	.1	24738.6133
		6	.2	28401.6273
		6	.3	25601.9258
		6	.4	24738.6133
		6	.5	30847.0070
		6	.6	31979.4499
		6	.7	24974.0795
		6	.8	23787.4528
		7	.1	17164.7513
		7	.2	19706.3135
		7	.3	17763.7560
		7	.4	17164.7513
		7	.5	21403.0268
		7	.6	22188.7661
		7	.7	17328.1283
		7	.8	16504.7938
		8	.1	36225.0747
		8	.2	41588.8738
		8	.3	37489.2344
		8	.4	36225.0747
		8	.5	45169.6753
		8	.6	46827.9262
		8	.7	36569.8709
		8	.8	34832.2778
		9	.1	2003.1003
		9	.2	2299.6967
		9	.3	2073.0032
		9	.4	2003.1003
		9	.5	2497.7005
		9	.6	2589.3951
		9	.7	2022.1661
		9	.8	1926.0842
		10	.1	1088.6395
		10	.2	1249.8329
		10	.3	1126.6301
		10	.4	1088.6395
		10	.5	1357.4435
		10	.6	1407.2774
		10	.7	1099.0013
		10	.8	1046.7830
		11	.1	2421.9389
		11	.2	2780.5522
		11	.3	2506.4582
		11	.4	2421.9389
		11	.5	3019.9577
		11	.6	3130.8252
		11	.7	2444.9913
		11	.8	2328.8192
		12	.1	36991.9459
		12	.2	42469.2947
		12	.3	38282.8674
		12	.4	36991.9459
		12	.5	46125.9004
		12	.6	47819.2559
		12	.7	37344.0414
		12	.8	35569.6641
		13	.1	18387.3380
		13	.2	21109.9269
		13	.3	19029.0076
		13	.4	18387.3380
		13	.5	22927.4913
		13	.6	23769.1962
		13	.7	18562.3517
		13	.8	17680.3739
		14	.1	5472.4740
		14	.2	6282.7760
		14	.3	5663.4489
		14	.4	5472.4740
		14	.5	6823.7230
		14	.6	7074.2327
		14	.7	5524.5619
		14	.8	5262.0660
		15	.1	20330.3708
		15	.2	23340.6620
		15	.3	21039.8472
		15	.4	20330.3708
		15	.5	25350.2927
		15	.6	26280.9425
		15	.7	20523.8786
		15	.8	19548.7002
		16	.1	25422.6688
		16	.2	29186.9699
		16	.3	26309.8529
		16	.4	25422.6688
		16	.5	31699.9676
		16	.6	32863.7241
		16	.7	25664.6459
		16	.8	24445.2073
		17	.1	2162.6333
		17	.2	2482.8516
		17	.3	2238.1035
		17	.4	2162.6333
		17	.5	2696.6250
		17	.6	2795.6225
		17	.7	2183.2176
		17	.8	2079.4835
		18	.1	4710.7296
		18	.2	5408.2411
		18	.3	4875.1216
		18	.4	4710.7296
		18	.5	5873.8906
		18	.6	6089.5305
		18	.7	4755.5671
		18	.8	4529.6095
		19	.1	4317.0296
		19	.2	4956.2466
		19	.3	4467.6826
		19	.4	4317.0296
		19	.5	5382.9793
		19	.6	5580.5971
		19	.7	4358.1199
		19	.8	4151.0467
		20	.1	5333.1429
		20	.2	6122.8143
		20	.3	5519.2555
		20	.4	5333.1429
		20	.5	6649.9886
		20	.6	6894.1203
		20	.7	5383.9046
		20	.8	5128.0920
		21	.1	27861.9743
		21	.2	31987.4602
		21	.3	28834.2838
		21	.4	27861.9743
		21	.5	34741.5801
		21	.6	36016.9990
		21	.7	28127.1692
		21	.8	26790.7255
		22	.1	3957.9870
		22	.2	4544.0409
		22	.3	4096.1103
		22	.4	3957.9870
		22	.5	4935.2828
		22	.6	5116.4649
		22	.7	3995.6598
		22	.8	3805.8087
		23	.1	7425.9598
		23	.2	8525.5119
		23	.3	7685.1062
		23	.4	7425.9598
		23	.5	9259.5583
		23	.6	9599.4915
		23	.7	7496.6413
		23	.8	7140.4434
		24	.1	8806.6321
		24	.2	10110.6186
		24	.3	9113.9604
		24	.4	8806.6321
		24	.5	10981.1427
		24	.6	11384.2780
		24	.7	8890.4551
		24	.8	8468.0311
		25	.1	15799.8332
		25	.2	18139.2937
		25	.3	16351.2058
		25	.4	15799.8332
		25	.5	19701.0867
		25	.6	20424.3450
		25	.7	15950.2186
		25	.8	15192.3546
		26	.1	37257.1837
		26	.2	42773.8059
		26	.3	38557.3613
		26	.4	37257.1837
		26	.5	46456.6301
		26	.6	48162.1272
		26	.7	37611.8038
		26	.8	35824.7039
		27	.1	13970.0374
		27	.2	16038.5625
		27	.3	14457.5549
		27	.4	13970.0374
		27	.5	17419.4825
		27	.6	18058.9795
		27	.7	14103.0065
		27	.8	13432.9116
		28	.1	8195.0571
		28	.2	9408.4884
		28	.3	8481.0430
		28	.4	8195.0571
		28	.5	10218.5592
		28	.6	10593.6988
		28	.7	8273.0590
		28	.8	7879.9701
		29	.1	4405.3766
		29	.2	5057.6750
		29	.3	4559.1127
		29	.4	4405.3766
		29	.5	5493.1407
		29	.6	5694.8027
		29	.7	4447.3078
		29	.8	4235.9969
		30	.1	7236.5825
		30	.2	8308.0938
		30	.3	7489.1202
		30	.4	7236.5825
		30	.5	9023.4206
		30	.6	9354.6847
		30	.7	7305.4615
		30	.8	6958.3474
		31	.1	3395.2838
		31	.2	3898.0190
		31	.3	3513.7702
		31	.4	3395.2838
		31	.5	4233.6384
		31	.6	4389.0620
		31	.7	3427.6007
		31	.8	3264.7405
		32	.1	32882.7526
		32	.2	37751.6586
		32	.3	34030.2741
		32	.4	32882.7526
		32	.5	41002.0758
		32	.6	42507.3275
		32	.7	33195.7361
		32	.8	31618.4628
		33	.1	40421.0716
		33	.2	46406.1665
		33	.3	41831.6606
		33	.4	40421.0716
		33	.5	50401.7369
		33	.6	52252.0651
		33	.7	40805.8061
		33	.8	38866.9453
		34	.1	38351.3292
		34	.2	44029.9601
		34	.3	39689.6896
		34	.4	38351.3292
		34	.5	47820.9391
		34	.6	49576.5222
		34	.7	38716.3635
		34	.8	36876.7813
		35	.1	2492.9863
		35	.2	2862.1196
		35	.3	2579.9850
		35	.4	2492.9863
		35	.5	3108.5480
		35	.6	3222.6678
		35	.7	2516.7150
		35	.8	2397.1350
		36	.1	7213.7798
		36	.2	8281.9147
		36	.3	7465.5217
		36	.4	7213.7798
		36	.5	8994.9875
		36	.6	9325.2078
		36	.7	7282.4418
		36	.8	6936.4214
		37	.1	24250.3999
		37	.2	27841.1247
		37	.3	25096.6749
		37	.4	24250.3999
		37	.5	30238.2451
		37	.6	31348.3394
		37	.7	24481.2192
		37	.8	23318.0103
		38	.1	14227.7628
		38	.2	16334.4489
		38	.3	14724.2742
		38	.4	14227.7628
		38	.5	17740.8448
		38	.6	18392.1395
		38	.7	14363.1850
		38	.8	13680.7278
		39	.1	5151.4043
		39	.2	5914.1660
		39	.3	5331.1747
		39	.4	5151.4043
		39	.5	6423.3756
		39	.6	6659.1879
		39	.7	5200.4362
		39	.8	4953.3409
		40	.1	14246.5608
		40	.2	16356.0303
		40	.3	14743.7283
		40	.4	14246.5608
		40	.5	17764.2843
		40	.6	18416.4396
		40	.7	14382.1619
		40	.8	13698.8031
		41	.1	7417.1519
		41	.2	8515.3998
		41	.3	7675.9910
		41	.4	7417.1519
		41	.5	9248.5757
		41	.6	9588.1056
		41	.7	7487.7496
		41	.8	7131.9741
		42	.1	11853.1065
		42	.2	13608.1804
		42	.3	12266.7487
		42	.4	11853.1065
		42	.5	14779.8446
		42	.6	15322.4363
		42	.7	11965.9264
		42	.8	11397.3733
		43	.1	12652.2788
		43	.2	14525.6850
		43	.3	13093.8100
		43	.4	12652.2788
		43	.5	15776.3463
		43	.6	16355.5212
		43	.7	12772.7052
		43	.8	12165.8186
		44	.1	13978.9387
		44	.2	16048.7817
		44	.3	14466.7668
		44	.4	13978.9387
		44	.5	17430.5816
		44	.6	18070.4861
		44	.7	14111.9925
		44	.8	13441.4706
		45	.1	26485.0377
		45	.2	30406.6424
		45	.3	27409.2957
		45	.4	26485.0377
		45	.5	33024.6539
		45	.6	34237.0417
		45	.7	26737.1267
		45	.8	25466.7299
		46	.1	6100.9109
		46	.2	7004.2648
		46	.3	6313.8167
		46	.4	6100.9109
		46	.5	7607.3319
		46	.6	7886.6092
		46	.7	6158.9804
		46	.8	5866.3406
		47	.1	12907.7810
		47	.2	14819.0191
		47	.3	13358.2285
		47	.4	12907.7810
		47	.5	16094.9365
		47	.6	16685.8073
		47	.7	13030.6394
		47	.8	12411.4972
		48	.1	3066.5586
		48	.2	3520.6199
		48	.3	3173.5734
		48	.4	3066.5586
		48	.5	3823.7452
		48	.6	3964.1210
		48	.7	3095.7466
		48	.8	2948.6543
		49	.1	21161.1575
		49	.2	24294.4623
		49	.3	21899.6262
		49	.4	21161.1575
		49	.5	26386.2151
		49	.6	27354.8952
		49	.7	21362.5729
		49	.8	20347.5444
		50	.1	15776.8125
		50	.2	18112.8643
		50	.3	16327.3817
		50	.4	15776.8125
		50	.5	19672.3817
		50	.6	20394.5863
		50	.7	15926.9788
		50	.8	15170.2190
		51	.1	21962.4922
		51	.2	25214.4496
		51	.3	22728.9254
		51	.4	21962.4922
		51	.5	27385.4133
		51	.6	28390.7756
		51	.7	22171.5349
		51	.8	21118.0691
		52	.1	23614.8388
		52	.2	27111.4569
		52	.3	24438.9345
		52	.4	23614.8388
		52	.5	29445.7530
		52	.6	30526.7537
		52	.7	23839.6088
		52	.8	22706.8856
		53	.1	5053.4605
		53	.2	5801.7198
		53	.3	5229.8130
		53	.4	5053.4605
		53	.5	6301.2478
		53	.6	6532.5767
		53	.7	5101.5602
		53	.8	4859.1630
		54	.1	13047.8459
		54	.2	14979.8233
		54	.3	13503.1814
		54	.4	13047.8459
		54	.5	16269.5859
		54	.6	16866.8684
		54	.7	13172.0375
		54	.8	12546.1769
		55	.1	2380.6223
		55	.2	2733.1179
		55	.3	2463.6998
		55	.4	2380.6223
		55	.5	2968.4393
		55	.6	3077.4155
		55	.7	2403.2815
		55	.8	2289.0912
		56	.1	19876.9364
		56	.2	22820.0882
		56	.3	20570.5891
		56	.4	19876.9364
		56	.5	24784.8975
		56	.6	25694.7907
		56	.7	20066.1284
		56	.8	19112.6996
		57	.1	18474.8141
		57	.2	21210.3555
		57	.3	19119.5364
		57	.4	18474.8141
		57	.5	23036.5668
		57	.6	23882.2760
		57	.7	18650.6604
		57	.8	17764.4867
		58	.1	12406.2663
		58	.2	14243.2459
		58	.3	12839.2124
		58	.4	12406.2663
		58	.5	15469.5892
		58	.6	16037.5025
		58	.7	12524.3512
		58	.8	11929.2650
		59	.1	1058.9087
		59	.2	1215.6999
		59	.3	1095.8618
		59	.4	1058.9087
		59	.5	1320.3716
		59	.6	1368.8446
		59	.7	1068.9875
		59	.8	1018.1953
		60	.1	19966.6279
		60	.2	22923.0602
		60	.3	20663.4106
		60	.4	19966.6279
		60	.5	24896.7354
		60	.6	25810.7343
		60	.7	20156.6735
		60	.8	19198.9426
		61	.1	15974.4880
		61	.2	18339.8094
		61	.3	16531.9556
		61	.4	15974.4880
		61	.5	19918.8668
		61	.6	20650.1202
		61	.7	16126.5358
		61	.8	15360.2942
		62	.1	10142.0922
		62	.2	11643.8184
		62	.3	10496.0245
		62	.4	10142.0922
		62	.5	12646.3510
		62	.6	13110.6188
		62	.7	10238.6263
		62	.8	9752.1448
		63	.1	16683.0122
		63	.2	19153.2438
		63	.3	17265.2054
		63	.4	16683.0122
		63	.5	20802.3379
		63	.6	21566.0249
		63	.7	16841.8038
		63	.8	16041.5767
		64	.1	21264.3858
		64	.2	24412.9755
		64	.3	22006.4569
		64	.4	21264.3858
		64	.5	26514.9324
		64	.6	27488.3379
		64	.7	21466.7838
		64	.8	20446.8038
		65	.1	14194.8563
		65	.2	16296.6700
		65	.3	14690.2194
		65	.4	14194.8563
		65	.5	17699.8130
		65	.6	18349.6015
		65	.7	14329.9653
		65	.8	13649.0865
		66	.1	35800.0686
		66	.2	41100.9377
		66	.3	37049.3967
		66	.4	35800.0686
		66	.5	44639.7279
		66	.6	46278.5236
		66	.7	36140.8196
		66	.8	34423.6126
		67	.1	1084.1642
		67	.2	1244.6949
		67	.3	1121.9986
		67	.4	1084.1642
		67	.5	1351.8632
		67	.6	1401.4922
		67	.7	1094.4834
		67	.8	1042.4798
		68	.1	18109.9723
		68	.2	20791.4921
		68	.3	18741.9626
		68	.4	18109.9723
		68	.5	22581.6393
		68	.6	23410.6473
		68	.7	18282.3460
		68	.8	17413.6725
		69	.1	15860.3364
		69	.2	18208.7555
		69	.3	16413.8204
		69	.4	15860.3364
		69	.5	19776.5291
		69	.6	20502.5571
		69	.7	16011.2977
		69	.8	15250.5315
		70	.1	7791.1798
		70	.2	8944.8096
		70	.3	8063.0715
		70	.4	7791.1798
		70	.5	9714.9576
		70	.6	10071.6092
		70	.7	7865.3376
		70	.8	7491.6213
		71	.1	1695.5779
		71	.2	1946.6399
		71	.3	1754.7491
		71	.4	1695.5779
		71	.5	2114.2456
		71	.6	2191.8629
		71	.7	1711.7167
		71	.8	1630.3856
		72	.1	13308.5507
		72	.2	15279.1303
		72	.3	13772.9841
		72	.4	13308.5507
		72	.5	16594.6632
		72	.6	17203.8798
		72	.7	13435.2237
		72	.8	12796.8580
		73	.1	11940.5556
		73	.2	13708.5780
		73	.3	12357.2495
		73	.4	11940.5556
		73	.5	14888.8863
		73	.6	15435.4811
		73	.7	12054.2078
		73	.8	11481.4601
		74	.1	4262.4780
		74	.2	4893.6175
		74	.3	4411.2272
		74	.4	4262.4780
		74	.5	5314.9579
		74	.6	5510.0785
		74	.7	4303.0490
		74	.8	4098.5924
		75	.1	4838.1210
		75	.2	5554.4953
		75	.3	5006.9587
		75	.4	4838.1210
		75	.5	6032.7372
		75	.6	6254.2087
		75	.7	4884.1711
		75	.8	4652.1029
		76	.1	25308.6575
		76	.2	29056.0772
		76	.3	26191.8630
		76	.4	25308.6575
		76	.5	31557.8050
		76	.6	32716.3424
		76	.7	25549.5495
		76	.8	24335.5797
		77	.1	1548.3890
		77	.2	1777.6569
		77	.3	1602.4237
		77	.4	1548.3890
		77	.5	1930.7131
		77	.6	2001.5927
		77	.7	1563.1268
		77	.8	1488.8559
		78	.1	13918.8138
		78	.2	15979.7543
		78	.3	14404.5438
		78	.4	13918.8138
		78	.5	17355.6109
		78	.6	17992.7631
		78	.7	14051.2954
		78	.8	13383.6574
		79	.1	37201.5772
		79	.2	42709.9658
		79	.3	38499.8143
		79	.4	37201.5772
		79	.5	46387.2933
		79	.6	48090.2449
		79	.7	37555.6680
		79	.8	35771.2354
		80	.1	5069.2735
		80	.2	5819.8741
		80	.3	5246.1778
		80	.4	5069.2735
		80	.5	6320.9652
		80	.6	6553.0180
		80	.7	5117.5237
		80	.8	4874.3679
		81	.1	5661.9321
		81	.2	6500.2870
		81	.3	5859.5187
		81	.4	5661.9321
		81	.5	7059.9616
		81	.6	7319.1441
		81	.7	5715.8233
		81	.8	5444.2398
		82	.1	15792.8170
		82	.2	18131.2387
		82	.3	16343.9447
		82	.4	15792.8170
		82	.5	19692.3381
		82	.6	20415.2753
		82	.7	15943.1357
		82	.8	15185.6082
		83	.1	7628.7841
		83	.2	8758.3681
		83	.3	7895.0086
		83	.4	7628.7841
		83	.5	9512.4635
		83	.6	9861.6812
		83	.7	7701.3961
		83	.8	7335.4694
		84	.1	1750.9600
		84	.2	2010.2224
		84	.3	1812.0639
		84	.4	1750.9600
		84	.5	2183.3025
		84	.6	2263.4550
		84	.7	1767.6259
		84	.8	1683.6384
		85	.1	4805.8141
		85	.2	5517.4046
		85	.3	4973.5243
		85	.4	4805.8141
		85	.5	5992.4531
		85	.6	6212.4456
		85	.7	4851.5566
		85	.8	4621.0381
		86	.1	7173.9704
		86	.2	8236.2107
		86	.3	7424.3230
		86	.4	7173.9704
		86	.5	8945.3483
		86	.6	9273.7464
		86	.7	7242.2534
		86	.8	6898.1425
		87	.1	2135.3255
		87	.2	2451.5003
		87	.3	2209.8427
		87	.4	2135.3255
		87	.5	2662.5744
		87	.6	2760.3218
		87	.7	2155.6498
		87	.8	2053.2256
		88	.1	20381.5109
		88	.2	23399.3744
		88	.3	21092.7719
		88	.4	20381.5109
		88	.5	25414.0602
		88	.6	26347.0510
		88	.7	20575.5055
		88	.8	19597.8740
		89	.1	1314.3370
		89	.2	1508.9491
		89	.3	1360.2039
		89	.4	1314.3370
		89	.5	1638.8696
		89	.6	1699.0351
		89	.7	1326.8470
		89	.8	1263.8028
		90	.1	18509.8859
		90	.2	21250.6204
		90	.3	19155.8322
		90	.4	18509.8859
		90	.5	23080.2985
		90	.6	23927.6131
		90	.7	18686.0661
		90	.8	17798.2101
		91	.1	5842.5484
		91	.2	6707.6469
		91	.3	6046.4380
		91	.4	5842.5484
		91	.5	7285.1752
		91	.6	7552.6256
		91	.7	5898.1588
		91	.8	5617.9117
		92	.1	5459.1950
		92	.2	6267.5308
		92	.3	5649.7065
		92	.4	5459.1950
		92	.5	6807.1651
		92	.6	7057.0670
		92	.7	5511.1565
		92	.8	5249.2975
		93	.1	465.0755
		93	.2	533.9386
		93	.3	481.3054
		93	.4	465.0755
		93	.5	579.9107
		93	.6	601.2001
		93	.7	469.5021
		93	.8	447.1940
		94	.1	4815.3218
		94	.2	5528.3202
		94	.3	4983.3638
		94	.4	4815.3218
		94	.5	6004.3084
		94	.6	6224.7362
		94	.7	4861.1548
		94	.8	4630.1803
		95	.1	14322.7731
		95	.2	16443.5273
		95	.3	14822.6001
		95	.4	14322.7731
		95	.5	17859.3147
		95	.6	18514.9587
		95	.7	14459.0996
		95	.8	13772.0851
		96	.1	4516.7793
		96	.2	5185.5728
		96	.3	4674.4030
		96	.4	4516.7793
		96	.5	5632.0506
		96	.6	5838.8122
		96	.7	4559.7707
		96	.8	4343.1162
		97	.1	10384.1888
		97	.2	11921.7620
		97	.3	10746.5696
		97	.4	10384.1888
		97	.5	12948.2255
		97	.6	13423.5755
		97	.7	10483.0272
		97	.8	9984.9331
		98	.1	4701.1817
		98	.2	5397.2795
		98	.3	4865.2406
		98	.4	4701.1817
		98	.5	5861.9852
		98	.6	6077.1880
		98	.7	4745.9283
		98	.8	4520.4287
		99	.1	1487.1015
		99	.2	1707.2946
		99	.3	1538.9974
		99	.4	1487.1015
		99	.5	1854.2927
		99	.6	1922.3667
		99	.7	1501.2559
		99	.8	1429.9248
		100	.1	4898.4326
		100	.2	5623.7371
		100	.3	5069.3750
		100	.4	4898.4326
		100	.5	6107.9408
		100	.6	6332.1731
		100	.7	4945.0567
		100	.8	4710.0956
		101	.1	4461.8161
		101	.2	5122.4713
		101	.3	4617.5217
		101	.4	4461.8161
		101	.5	5563.5160
		101	.6	5767.7616
		101	.7	4504.2844
		101	.8	4290.2663
		102	.1	5812.5049
		102	.2	6673.1549
		102	.3	6015.3460
		102	.4	5812.5049
		102	.5	7247.7134
		102	.6	7513.7886
		102	.7	5867.8293
		102	.8	5589.0233
		103	.1	8047.7386
		103	.2	9239.3567
		103	.3	8328.5835
		103	.4	8047.7386
		103	.5	10034.8652
		103	.6	10403.2611
		103	.7	8124.3383
		103	.8	7738.3158
		104	.1	6287.4518
		104	.2	7218.4265
		104	.3	6506.8673
		104	.4	6287.4518
		104	.5	7839.9329
		104	.6	8127.7494
		104	.7	6347.2968
		104	.8	6045.7092
		105	.1	15630.2148
		105	.2	17944.5602
		105	.3	16175.6681
		105	.4	15630.2148
		105	.5	19489.5865
		105	.6	20205.0804
		105	.7	15778.9858
		105	.8	15029.2578
		106	.1	16924.4883
		106	.2	19430.4751
		106	.3	17515.1084
		106	.4	16924.4883
		106	.5	21103.4387
		106	.6	21878.1796
		106	.7	17085.5784
		106	.8	16273.7685
		107	.1	18159.7123
		107	.2	20848.5970
		107	.3	18793.4384
		107	.4	18159.7123
		107	.5	22643.6609
		107	.6	23474.9459
		107	.7	18332.5594
		107	.8	17461.5001
		108	.1	2153.4365
		108	.2	2472.2931
		108	.3	2228.5858
		108	.4	2153.4365
		108	.5	2685.1575
		108	.6	2783.7339
		108	.7	2173.9333
		108	.8	2070.6403
		109	.1	28998.9791
		109	.2	33292.8198
		109	.3	30010.9671
		109	.4	28998.9791
		109	.5	36159.3311
		109	.6	37486.7979
		109	.7	29274.9962
		109	.8	27884.0142
		110	.1	8539.4815
		110	.2	9803.9113
		110	.3	8837.4869
		110	.4	8539.4815
		110	.5	10648.0279
		110	.6	11038.9340
		110	.7	8620.7617
		110	.8	8211.1519
		111	.1	4406.9974
		111	.2	5059.5357
		111	.3	4560.7900
		111	.4	4406.9974
		111	.5	5495.1617
		111	.6	5696.8978
		111	.7	4448.9439
		111	.8	4237.5553
		112	.1	6183.8631
		112	.2	7099.4996
		112	.3	6399.6637
		112	.4	6183.8631
		112	.5	7710.7664
		112	.6	7993.8410
		112	.7	6242.7222
		112	.8	5946.1034
		113	.1	6601.3557
		113	.2	7578.8098
		113	.3	6831.7257
		113	.4	6601.3557
		113	.5	8231.3452
		113	.6	8533.5311
		113	.7	6664.1885
		113	.8	6347.5441
		114	.1	34272.9384
		114	.2	39347.6874
		114	.3	35468.9737
		114	.4	34272.9384
		114	.5	42735.5227
		114	.6	44304.4120
		114	.7	34599.1539
		114	.8	32955.1981
		115	.1	3848.3252
		115	.2	4418.1417
		115	.3	3982.6216
		115	.4	3848.3252
		115	.5	4798.5436
		115	.6	4974.7058
		115	.7	3884.9542
		115	.8	3700.3632
		116	.1	5833.5352
		116	.2	6697.2991
		116	.3	6037.1102
		116	.4	5833.5352
		116	.5	7273.9364
		116	.6	7540.9743
		116	.7	5889.0598
		116	.8	5609.2450
		117	.1	4931.8459
		117	.2	5662.0978
		117	.3	5103.9543
		117	.4	4931.8459
		117	.5	6149.6043
		117	.6	6375.3661
		117	.7	4978.7880
		117	.8	4742.2242
		118	.1	1172.2932
		118	.2	1345.8731
		118	.3	1213.2031
		118	.4	1172.2932
		118	.5	1461.7528
		118	.6	1515.4161
		118	.7	1183.4513
		118	.8	1127.2204
		119	.1	9800.8157
		119	.2	11252.0096
		119	.3	10142.8384
		119	.4	9800.8157
		119	.5	12220.8075
		119	.6	12669.4529
		119	.7	9894.1015
		119	.8	9423.9899
		120	.1	8285.2285
		120	.2	9512.0114
		120	.3	8574.3612
		120	.4	8285.2285
		120	.5	10330.9955
		120	.6	10710.2628
		120	.7	8364.0887
		120	.8	7966.6746
		121	.1	3561.9290
		121	.2	4089.3392
		121	.3	3686.2310
		121	.4	3561.9290
		121	.5	4441.4312
		121	.6	4604.4833
		121	.7	3595.8321
		121	.8	3424.9785
		122	.1	21817.0244
		122	.2	25047.4425
		122	.3	22578.3811
		122	.4	21817.0244
		122	.5	27204.0270
		122	.6	28202.7303
		122	.7	22024.6825
		122	.8	20978.1943
		123	.1	7014.2842
		123	.2	8052.8800
		123	.3	7259.0642
		123	.4	7014.2842
		123	.5	8746.2329
		123	.6	9067.3211
		123	.7	7081.0473
		123	.8	6744.5960
		124	.1	23599.1447
		124	.2	27093.4390
		124	.3	24422.6927
		124	.4	23599.1447
		124	.5	29426.1837
		124	.6	30506.4659
		124	.7	23823.7652
		124	.8	22691.7949
		125	.1	23719.3042
		125	.2	27231.3903
		125	.3	24547.0454
		125	.4	23719.3042
		125	.5	29576.0127
		125	.6	30661.7953
		125	.7	23945.0684
		125	.8	22807.3344
		126	.1	6294.6215
		126	.2	7226.6579
		126	.3	6514.2872
		126	.4	6294.6215
		126	.5	7848.8730
		126	.6	8137.0177
		126	.7	6354.5348
		126	.8	6052.6033
		127	.1	2922.4237
		127	.2	3355.1431
		127	.3	3024.4085
		127	.4	2922.4237
		127	.5	3644.0209
		127	.6	3777.7987
		127	.7	2950.2398
		127	.8	2810.0611
		128	.1	11591.0099
		128	.2	13307.2754
		128	.3	11995.5056
		128	.4	11591.0099
		128	.5	14453.0317
		128	.6	14983.6256
		128	.7	11701.3350
		128	.8	11145.3539 /;
PARAMETER m_eidle(m)
	/	1	78.8
		2	92.7
		3	68.9
		4	78.8
		5	104.5
		6	79.3
		7	42.8
		8	101.8 /;
PARAMETER eec(t,m)
	/	1	.1	201951.2366
		1	.2	190210.2307
		1	.3	101202.0903
		1	.4	201951.2366
		1	.5	159830.1377
		1	.6	224943.4182
		1	.7	80741.1406
		1	.8	234249.2861
		2	.1	428141.6159
		2	.2	403250.3930
		2	.3	214550.9341
		2	.4	428141.6159
		2	.5	338843.8445
		2	.6	476885.6094
		2	.7	171173.2149
		2	.8	496614.2795
		3	.1	24237.9974
		3	.2	22828.8529
		3	.3	12146.1796
		3	.4	24237.9974
		3	.5	19182.6627
		3	.6	26997.4974
		3	.7	9690.4757
		3	.8	28114.3789
		4	.1	51276.3394
		4	.2	48295.2444
		4	.3	25695.6719
		4	.4	51276.3394
		4	.5	40581.6004
		4	.6	57114.1590
		4	.7	20500.5436
		4	.8	59476.9613
		5	.1	137081.6727
		5	.2	129112.0422
		5	.3	68694.5623
		5	.4	137081.6727
		5	.5	108490.4603
		5	.6	152688.4437
		5	.7	54805.9561
		5	.8	159005.1366
		6	.1	2038461.7374
		6	.2	1919950.0031
		6	.3	1021516.8384
		6	.4	2038461.7374
		6	.5	1613298.4656
		6	.6	2270540.9423
		6	.7	814987.4622
		6	.8	2364472.8039
		7	.1	353593.8777
		7	.2	333036.6982
		7	.3	177193.4657
		7	.4	353593.8777
		7	.5	279844.5758
		7	.6	393850.5989
		7	.7	141368.6466
		7	.8	410144.1258
		8	.1	746236.5378
		8	.2	702851.9676
		8	.3	373955.1127
		8	.4	746236.5378
		8	.5	590593.5046
		8	.6	831195.6906
		8	.7	298349.1968
		8	.8	865582.1037
		9	.1	82527.7311
		9	.2	77729.7482
		9	.3	41356.4137
		9	.4	82527.7311
		9	.5	65314.8693
		9	.6	91923.5269
		9	.7	32995.0103
		9	.8	95726.3863
		10	.1	22425.9736
		10	.2	21122.1762
		10	.3	11238.1357
		10	.4	22425.9736
		10	.5	17748.5739
		10	.6	24979.1744
		10	.7	8966.0193
		10	.8	26012.5582
		11	.1	49891.9409
		11	.2	46991.3320
		11	.3	25001.9202
		11	.4	49891.9409
		11	.5	39485.9468
		11	.6	55572.1466
		11	.7	19947.0540
		11	.8	57871.1561
		12	.1	762034.0861
		12	.2	717731.0808
		12	.3	381871.6025
		12	.4	762034.0861
		12	.5	603096.1480
		12	.6	848791.7924
		12	.7	304665.1377
		12	.8	883906.1529
		13	.1	378779.1618
		13	.2	356757.7647
		13	.3	189814.3511
		13	.4	378779.1618
		13	.5	299776.9491
		13	.6	421903.2319
		13	.7	151437.8525
		13	.8	439357.2910
		14	.1	112732.9644
		14	.2	106178.9149
		14	.3	56492.9031
		14	.4	112732.9644
		14	.5	89220.1777
		14	.6	125567.6310
		14	.7	45071.2176
		14	.8	130762.3408
		15	.1	418805.6378
		15	.2	394457.1884
		15	.3	209872.4755
		15	.4	418805.6378
		15	.5	331455.0774
		15	.6	466486.7287
		15	.7	167440.6429
		15	.8	485785.1990
		16	.1	523706.9765
		16	.2	493259.7913
		16	.3	262440.7832
		16	.4	523706.9765
		16	.5	414477.0765
		16	.6	583331.1021
		16	.7	209380.7364
		16	.8	607463.4026
		17	.1	44550.2457
		17	.2	41960.1912
		17	.3	22325.0823
		17	.4	44550.2457
		17	.5	35258.3724
		17	.6	49622.2985
		17	.7	17811.4168
		17	.8	51675.1639
		18	.1	97041.0293
		18	.2	91399.2748
		18	.3	48629.3383
		18	.4	97041.0293
		18	.5	76801.1196
		18	.6	108089.1665
		18	.7	38797.5014
		18	.8	112560.7954
		19	.1	88930.8107
		19	.2	83760.5667
		19	.3	44565.1341
		19	.4	88930.8107
		19	.5	70382.4545
		19	.6	99055.5982
		19	.7	35554.9944
		19	.8	103153.5101
		20	.1	109862.7435
		20	.2	103475.5624
		20	.3	55054.5739
		20	.4	109862.7435
		20	.5	86948.6007
		20	.6	122370.6350
		20	.7	43923.6886
		20	.8	127433.0857
		21	.1	573956.6707
		21	.2	540588.0775
		21	.3	287621.9812
		21	.4	573956.6707
		21	.5	454246.1598
		21	.6	639301.7323
		21	.7	229470.8220
		21	.8	665749.5275
		22	.1	81534.5322
		22	.2	76794.2917
		22	.3	40858.7005
		22	.4	81534.5322
		22	.5	64528.8225
		22	.6	90817.2521
		22	.7	32597.9243
		22	.8	94574.3452
		23	.1	152974.7711
		23	.2	144081.1504
		23	.3	76658.9343
		23	.4	152974.7711
		23	.5	121068.7250
		23	.6	170390.9740
		23	.7	61160.0984
		23	.8	177440.0173
		24	.1	181416.6222
		24	.2	170869.4541
		24	.3	90911.7551
		24	.4	181416.6222
		24	.5	143578.4410
		24	.6	202070.9345
		24	.7	72531.2964
		24	.8	210430.5720
		25	.1	325476.5637
		25	.2	306554.0638
		25	.3	163103.2774
		25	.4	325476.5637
		25	.5	257591.7081
		25	.6	362532.1241
		25	.7	130127.2002
		25	.8	377530.0115
		26	.1	767497.9850
		26	.2	722877.3205
		26	.3	384609.6793
		26	.4	767497.9850
		26	.5	607420.4381
		26	.6	854877.7571
		26	.7	306849.6325
		26	.8	890243.8928
		27	.1	287782.7705
		27	.2	271051.7058
		27	.3	144214.1103
		27	.4	287782.7705
		27	.5	227759.7335
		27	.6	320546.8863
		27	.7	115057.0283
		27	.8	333807.8521
		28	.1	168818.1766
		28	.2	159003.4548
		28	.3	84598.4042
		28	.4	168818.1766
		28	.5	133607.6612
		28	.6	188038.1538
		28	.7	67494.3732
		28	.8	195817.2577
		29	.1	90750.7589
		29	.2	85474.7071
		29	.3	45477.1491
		29	.4	90750.7589
		29	.5	71822.8149
		29	.6	101082.7478
		29	.7	36282.6191
		29	.8	105264.5225
		30	.1	149073.6001
		30	.2	140406.7851
		30	.3	74703.9740
		30	.4	149073.6001
		30	.5	117981.2238
		30	.6	166045.6541
		30	.7	59600.3902
		30	.8	172914.9323
		31	.1	69942.8458
		31	.2	65876.5208
		31	.3	35049.8581
		31	.4	69942.8458
		31	.5	55354.8216
		31	.6	77905.8503
		31	.7	27963.5086
		31	.8	81128.8011
		32	.1	677384.7038
		32	.2	638003.0295
		32	.3	339451.9839
		32	.4	677384.7038
		32	.5	536102.1417
		32	.6	754505.0639
		32	.7	270821.8803
		32	.8	785718.7998
		33	.1	1665348.1503
		33	.2	1568528.4289
		33	.3	834541.6281
		33	.4	1665348.1503
		33	.5	1318005.4186
		33	.6	1854948.3117
		33	.7	665814.7355
		33	.8	1931687.1826
		34	.1	790037.3823
		34	.2	744106.3262
		34	.3	395904.6540
		34	.4	790037.3823
		34	.5	625258.7788
		34	.6	879983.2685
		34	.7	315860.9992
		34	.8	916388.0146
		35	.1	51355.5186
		35	.2	48369.8204
		35	.3	25735.3504
		35	.4	51355.5186
		35	.5	40644.2652
		35	.6	57202.3529
		35	.7	20532.1999
		35	.8	59568.8037
		36	.1	148603.8644
		36	.2	139964.3587
		36	.3	74468.5794
		36	.4	148603.8644
		36	.5	117609.4611
		36	.6	165522.4388
		36	.7	59412.5875
		36	.8	172370.0717
		37	.1	499558.2371
		37	.2	470515.0071
		37	.3	250339.3326
		37	.4	499558.2371
		37	.5	395365.0552
		37	.6	556433.0247
		37	.7	199725.9465
		37	.8	579452.5567
		38	.1	293091.9136
		38	.2	276052.1869
		38	.3	146874.6356
		38	.4	293091.9136
		38	.5	231961.5452
		38	.6	326460.4763
		38	.7	117179.6509
		38	.8	339966.0862
		39	.1	212237.8569
		39	.2	199898.8092
		39	.3	106356.9360
		39	.4	212237.8569
		39	.5	167971.2709
		39	.6	236401.1718
		39	.7	84853.7842
		39	.8	246181.0449
		40	.1	293479.1528
		40	.2	276416.9128
		40	.3	147068.6895
		40	.4	293479.1528
		40	.5	232268.0177
		40	.6	326891.8027
		40	.7	117334.4712
		40	.8	340415.2565
		41	.1	152793.3294
		41	.2	143910.2573
		41	.3	76568.0100
		41	.4	152793.3294
		41	.5	120925.1267
		41	.6	170188.8751
		41	.7	61087.5571
		41	.8	177229.5576
		42	.1	244173.9945
		42	.2	229978.2492
		42	.3	122360.8186
		42	.4	244173.9945
		42	.5	193246.4679
		42	.6	271973.2440
		42	.7	97622.0159
		42	.8	283224.7271
		43	.1	260636.9425
		43	.2	245484.0772
		43	.3	130610.7544
		43	.4	260636.9425
		43	.5	206275.7282
		43	.6	290310.5013
		43	.7	104203.9869
		43	.8	302320.5934
		44	.1	287966.1368
		44	.2	271224.4115
		44	.3	144305.9991
		44	.4	287966.1368
		44	.5	227904.8550
		44	.6	320751.1289
		44	.7	115130.3391
		44	.8	334020.5442
		45	.1	545591.7762
		45	.2	513872.2563
		45	.3	273407.7251
		45	.4	545591.7762
		45	.5	431797.3496
		45	.6	607707.4899
		45	.7	218130.3916
		45	.8	632848.2371
		46	.1	125678.7652
		46	.2	118372.0750
		46	.3	62980.3211
		46	.4	125678.7652
		46	.5	99465.8645
		46	.6	139987.3133
		46	.7	50247.0152
		46	.8	145778.5628
		47	.1	265900.2879
		47	.2	250441.4231
		47	.3	133248.3296
		47	.4	265900.2879
		47	.5	210441.2943
		47	.6	296173.0795
		47	.7	106308.2995
		47	.8	308425.7054
		48	.1	63171.1074
		48	.2	59498.4765
		48	.3	31656.3950
		48	.4	63171.1074
		48	.5	49995.4690
		48	.6	70363.1484
		48	.7	25256.1329
		48	.8	73274.0589
		49	.1	435919.8442
		49	.2	410576.4120
		49	.3	218448.7709
		49	.4	435919.8442
		49	.5	344999.7627
		49	.6	485549.3903
		49	.7	174282.9905
		49	.8	505636.4794
		50	.1	650004.6734
		50	.2	612214.8147
		50	.3	325731.2643
		50	.4	650004.6734
		50	.5	514432.7819
		50	.6	724007.8127
		50	.7	259875.2037
		50	.8	753959.8828
		51	.1	452427.3397
		51	.2	426124.1977
		51	.3	226721.0305
		51	.4	452427.3397
		51	.5	358064.2794
		51	.6	503936.2670
		51	.7	180882.7719
		51	.8	524784.0177
		52	.1	486465.6796
		52	.2	458183.6224
		52	.3	243778.3716
		52	.4	486465.6796
		52	.5	385003.2208
		52	.6	541849.8774
		52	.7	194491.4748
		52	.8	564266.1073
		53	.1	208202.5745
		53	.2	196098.1294
		53	.3	104334.7696
		53	.4	208202.5745
		53	.5	164777.6300
		53	.6	231906.4719
		53	.7	83240.4576
		53	.8	241500.4001
		54	.1	268785.6258
		54	.2	253159.0137
		54	.3	134694.2342
		54	.4	268785.6258
		54	.5	212724.8354
		54	.6	299386.9135
		54	.7	107461.8723
		54	.8	311772.4952
		55	.1	49040.8197
		55	.2	46189.6930
		55	.3	24575.4051
		55	.4	49040.8197
		55	.5	38812.3445
		55	.6	54624.1251
		55	.7	19606.7713
		55	.8	56883.9151
		56	.1	409464.8898
		56	.2	385659.4912
		56	.3	205191.6266
		56	.4	409464.8898
		56	.5	324062.5351
		56	.6	456082.5350
		56	.7	163706.1639
		56	.8	474950.5857
		57	.1	380581.1701
		57	.2	358455.0082
		57	.3	190717.3760
		57	.4	380581.1701
		57	.5	301203.1114
		57	.6	423910.3991
		57	.7	152158.3046
		57	.8	441447.4944
		58	.1	255569.0867
		58	.2	240710.8555
		58	.3	128071.1434
		58	.4	255569.0867
		58	.5	202264.8784
		58	.6	284665.6693
		58	.7	102177.8322
		58	.8	296442.2358
		59	.1	21813.5182
		59	.2	20545.3277
		59	.3	10931.2212
		59	.4	21813.5182
		59	.5	17263.8587
		59	.6	24296.9909
		59	.7	8721.1565
		59	.8	25302.1529
		60	.1	411312.5340
		60	.2	387399.7173
		60	.3	206117.5207
		60	.4	411312.5340
		60	.5	325524.8150
		60	.6	458140.5338
		60	.7	164444.8616
		60	.8	477093.7235
		61	.1	329074.4526
		61	.2	309942.7792
		61	.3	164906.2566
		61	.4	329074.4526
		61	.5	260439.1830
		61	.6	366539.6332
		61	.7	131565.6546
		61	.8	381703.3105
		62	.1	208927.0985
		62	.2	196780.5311
		62	.3	104697.8441
		62	.4	208927.0985
		62	.5	165351.0396
		62	.6	232713.4831
		62	.7	83530.1260
		62	.8	242340.7971
		63	.1	343670.0506
		63	.2	323689.8209
		63	.3	172220.4234
		63	.4	343670.0506
		63	.5	271990.5677
		63	.6	382796.9425
		63	.7	137401.0496
		63	.8	398633.1816
		64	.1	438046.3484
		64	.2	412579.2859
		64	.3	219514.4077
		64	.4	438046.3484
		64	.5	346682.7406
		64	.6	487917.9974
		64	.7	175133.1777
		64	.8	508103.0753
		65	.1	292414.0392
		65	.2	275413.7226
		65	.3	146534.9383
		65	.4	292414.0392
		65	.5	231425.0556
		65	.6	325705.4258
		65	.7	116908.6333
		65	.8	339179.7994
		66	.1	1474962.8261
		66	.2	1389211.6935
		66	.3	739135.4643
		66	.4	1474962.8261
		66	.5	1167328.8836
		66	.6	1642887.5870
		66	.7	589697.7060
		66	.8	1710853.5446
		67	.1	22333.7820
		67	.2	21035.3445
		67	.3	11191.9365
		67	.4	22333.7820
		67	.5	17675.6108
		67	.6	24876.4868
		67	.7	8929.1606
		67	.8	25905.6225
		68	.1	373065.4295
		68	.2	351376.2163
		68	.3	186951.0774
		68	.4	373065.4295
		68	.5	295254.9336
		68	.6	415538.9901
		68	.7	149153.4729
		68	.8	432729.7618
		69	.1	326722.9295
		69	.2	307727.9686
		69	.3	163727.8580
		69	.4	326722.9295
		69	.5	258578.1186
		69	.6	363920.3889
		69	.7	130625.5036
		69	.8	378975.7085
		70	.1	320996.6092
		70	.2	302334.5641
		70	.3	160858.2763
		70	.4	320996.6092
		70	.5	254046.1406
		70	.6	357542.1261
		70	.7	128336.0914
		70	.8	372333.5781
		71	.1	34928.9051
		71	.2	32898.2145
		71	.3	17503.6225
		71	.4	34928.9051
		71	.5	27643.7610
		71	.6	38905.5667
		71	.7	13964.7555
		71	.8	40515.0829
		72	.1	274156.1445
		72	.2	258217.3022
		72	.3	137385.5162
		72	.4	274156.1445
		72	.5	216975.2216
		72	.6	305368.8668
		72	.7	109609.0333
		72	.8	318001.9207
		73	.1	245975.4453
		73	.2	231674.9676
		73	.3	123263.5642
		73	.4	245975.4453
		73	.5	194672.1889
		73	.6	273979.7902
		73	.7	98342.2451
		73	.8	285314.2838
		74	.1	175614.0928
		74	.2	165404.2712
		74	.3	88003.9834
		74	.4	175614.0928
		74	.5	138986.1488
		74	.6	195607.7862
		74	.7	70211.4154
		74	.8	203700.0444
		75	.1	99665.2936
		75	.2	93870.9700
		75	.3	49944.4133
		75	.4	99665.2936
		75	.5	78878.0394
		75	.6	111012.2037
		75	.7	39846.6958
		75	.8	115604.7581
		76	.1	521358.3447
		76	.2	491047.7038
		76	.3	261263.8335
		76	.4	521358.3447
		76	.5	412618.3004
		76	.6	580715.0782
		76	.7	208441.7414
		76	.8	604739.1543
		77	.1	31896.8126
		77	.2	30042.4013
		77	.3	15984.1760
		77	.4	31896.8126
		77	.5	25244.0740
		77	.6	35528.2700
		77	.7	12752.5094
		77	.8	36998.0680
		78	.1	286727.5649
		78	.2	270057.8475
		78	.3	143685.3242
		78	.4	286727.5649
		78	.5	226924.6128
		78	.6	319371.5454
		78	.7	114635.1517
		78	.8	332583.8876
		79	.1	1532704.9800
		79	.2	1443596.8441
		79	.3	768071.2944
		79	.4	1532704.9800
		79	.5	1213027.7194
		79	.6	1707203.6946
		79	.7	612783.3154
		79	.8	1777830.3978
		80	.1	104427.0339
		80	.2	98355.8731
		80	.3	52330.6234
		80	.4	104427.0339
		80	.5	82646.6205
		80	.6	116316.0689
		80	.7	41750.4640
		80	.8	121128.0433
		81	.1	116635.8021
		81	.2	109854.8501
		81	.3	58448.6986
		81	.4	116635.8021
		81	.5	92308.9981
		81	.6	129914.8074
		81	.7	46631.5921
		81	.8	135289.3591
		82	.1	325332.0307
		82	.2	306417.9336
		82	.3	163030.8488
		82	.4	325332.0307
		82	.5	257477.3204
		82	.6	362371.1360
		82	.7	130069.4152
		82	.8	377362.3633
		83	.1	157152.9526
		83	.2	148016.4215
		83	.3	78752.7106
		83	.4	157152.9526
		83	.5	124375.4605
		83	.6	175044.8422
		83	.7	62830.5568
		83	.8	182286.4151
		84	.1	72139.5526
		84	.2	67945.5158
		84	.3	36150.6750
		84	.4	72139.5526
		84	.5	57093.3598
		84	.6	80352.6525
		84	.7	28841.7633
		84	.8	83676.8270
		85	.1	98999.7696
		85	.2	93244.1382
		85	.3	49610.9050
		85	.4	98999.7696
		85	.5	78351.3242
		85	.6	110270.9097
		85	.7	39580.6159
		85	.8	114832.7970
		86	.1	295567.5785
		86	.2	278383.9220
		86	.3	148115.2444
		86	.4	295567.5785
		86	.5	233920.8591
		86	.6	329217.9961
		86	.7	118169.4345
		86	.8	342837.6841
		87	.1	43987.7045
		87	.2	41430.3550
		87	.3	22043.1809
		87	.4	43987.7045
		87	.5	34813.1608
		87	.6	48995.7119
		87	.7	17586.5100
		87	.8	51022.6555
		88	.1	419859.1239
		88	.2	395449.4271
		88	.3	210400.3999
		88	.4	419859.1239
		88	.5	332288.8372
		88	.6	467660.1544
		88	.7	167861.8321
		88	.8	487007.1691
		89	.1	27075.3415
		89	.2	25501.2400
		89	.3	13568.0335
		89	.4	27075.3415
		89	.5	21428.2201
		89	.6	30157.8736
		89	.7	10824.8605
		89	.8	31405.4993
		90	.1	381303.6495
		90	.2	359135.4841
		90	.3	191079.4259
		90	.4	381303.6495
		90	.5	301774.9028
		90	.6	424715.1328
		90	.7	152447.1556
		90	.8	442285.5198
		91	.1	120356.4975
		91	.2	113359.2324
		91	.3	60313.2188
		91	.4	120356.4975
		91	.5	95253.6657
		91	.6	134059.1046
		91	.7	48119.1453
		91	.8	139605.1051
		92	.1	224918.8325
		92	.2	211842.5404
		92	.3	112711.6445
		92	.4	224918.8325
		92	.5	178007.3673
		92	.6	250525.8786
		92	.7	89923.7033
		92	.8	260890.0882
		93	.1	9580.5545
		93	.2	9023.5619
		93	.3	4801.0211
		93	.4	9580.5545
		93	.5	7582.3321
		93	.6	10671.3022
		93	.7	3830.3548
		93	.8	11112.7720
		94	.1	99195.6288
		94	.2	93428.6106
		94	.3	49709.0543
		94	.4	99195.6288
		94	.5	78506.3329
		94	.6	110489.0675
		94	.7	39658.9214
		94	.8	115059.9799
		95	.1	295049.1255
		95	.2	277895.6107
		95	.3	147855.4365
		95	.4	295049.1255
		95	.5	233510.5402
		95	.6	328640.5171
		95	.7	117962.1543
		95	.8	342236.3149
		96	.1	186091.3058
		96	.2	175272.3618
		96	.3	93254.3392
		96	.4	186091.3058
		96	.5	147278.1228
		96	.6	207277.8316
		96	.7	74400.2589
		96	.8	215852.8775
		97	.1	427828.5777
		97	.2	402955.5542
		97	.3	214394.0639
		97	.4	427828.5777
		97	.5	338596.0969
		97	.6	476536.9318
		97	.7	171048.0606
		97	.8	496251.1771
		98	.1	96844.3432
		98	.2	91214.0236
		98	.3	48530.7747
		98	.4	96844.3432
		98	.5	76645.4565
		98	.6	107870.0877
		98	.7	38718.8653
		98	.8	112332.6534
		99	.1	30634.2901
		99	.2	28853.2790
		99	.3	15351.4989
		99	.4	30634.2901
		99	.5	24244.8765
		99	.6	34122.0090
		99	.7	12247.7464
		99	.8	35533.6303
		100	.1	100907.7120
		100	.2	95041.1570
		100	.3	50567.0158
		100	.4	100907.7120
		100	.5	79861.3258
		100	.6	112396.0717
		100	.7	40343.4210
		100	.8	117045.8765
		101	.1	91913.4114
		101	.2	86569.7654
		101	.3	46059.7791
		101	.4	91913.4114
		101	.5	72742.9722
		101	.6	102377.7684
		101	.7	36747.4535
		101	.8	106613.1179
		102	.1	119737.6013
		102	.2	112776.3174
		102	.3	60003.0766
		102	.4	119737.6013
		102	.5	94763.8530
		102	.6	133369.7469
		102	.7	47871.7074
		102	.8	138887.2288
		103	.1	165783.4156
		103	.2	156145.1282
		103	.3	83077.6205
		103	.4	165783.4156
		103	.5	131205.8623
		103	.6	184657.8848
		103	.7	66281.0602
		103	.8	192297.1476
		104	.1	129521.5066
		104	.2	121991.4078
		104	.3	64906.0012
		104	.4	129521.5066
		104	.5	102507.1229
		104	.6	144267.5515
		104	.7	51783.3629
		104	.8	150235.8736
		105	.1	321982.4249
		105	.2	303263.0667
		105	.3	161352.2897
		105	.4	321982.4249
		105	.5	254826.3441
		105	.6	358640.1771
		105	.7	128730.2256
		105	.8	373477.0553
		106	.1	348644.4594
		106	.2	328375.0284
		106	.3	174713.2062
		106	.4	348644.4594
		106	.5	275927.4609
		106	.6	388337.6885
		106	.7	139389.8438
		106	.8	404403.1474
		107	.1	374090.0733
		107	.2	352341.2896
		107	.3	187464.5483
		107	.4	374090.0733
		107	.5	296065.8668
		107	.6	416680.2898
		107	.7	149563.1308
		107	.8	433918.2768
		108	.1	44360.7929
		108	.2	41781.7529
		108	.3	22230.1435
		108	.4	44360.7929
		108	.5	35108.4339
		108	.6	49411.2765
		108	.7	17735.6726
		108	.8	51455.4119
		109	.1	597378.9688
		109	.2	562648.6541
		109	.3	299359.3965
		109	.4	597378.9688
		109	.5	472783.2542
		109	.6	665390.6629
		109	.7	238835.1769
		109	.8	692917.7524
		110	.1	175913.3184
		110	.2	165686.1005
		110	.3	88153.9317
		110	.4	175913.3184
		110	.5	139222.9648
		110	.6	195941.0787
		110	.7	70331.0473
		110	.8	204047.1252
		111	.1	90784.1462
		111	.2	85506.1533
		111	.3	45493.8802
		111	.4	90784.1462
		111	.5	71849.2386
		111	.6	101119.9362
		111	.7	36295.9675
		111	.8	105303.2494
		112	.1	127387.5807
		112	.2	119981.5437
		112	.3	63836.6452
		112	.4	127387.5807
		112	.5	100818.2713
		112	.6	141890.6778
		112	.7	50930.2084
		112	.8	147760.6690
		113	.1	135987.9283
		113	.2	128081.8857
		113	.3	68146.4636
		113	.4	135987.9283
		113	.5	107624.8389
		113	.6	151470.1763
		113	.7	54368.6715
		113	.8	157736.4697
		114	.1	5648180.2524
		114	.2	5319807.3301
		114	.3	2830424.1026
		114	.4	5648180.2524
		114	.5	4470135.6750
		114	.6	6291226.5052
		114	.7	2258171.4462
		114	.8	6551493.3899
		115	.1	79275.4993
		115	.2	74666.5941
		115	.3	39726.6507
		115	.4	79275.4993
		115	.5	62740.9576
		115	.6	88301.0279
		115	.7	31694.7514
		115	.8	91954.0252
		116	.1	120170.8251
		116	.2	113184.3545
		116	.3	60220.1744
		116	.4	120170.8251
		116	.5	95106.7190
		116	.6	133852.2933
		116	.7	48044.9125
		116	.8	139389.7381
		117	.1	203192.0494
		117	.2	191378.9053
		117	.3	101823.8881
		117	.4	203192.0494
		117	.5	160812.1534
		117	.6	226325.4977
		117	.7	81237.2240
		117	.8	235688.5420
		118	.1	24149.2400
		118	.2	22745.2557
		118	.3	12101.7014
		118	.4	24149.2400
		118	.5	19112.4175
		118	.6	26898.6350
		118	.7	9654.9901
		118	.8	28011.4265
		119	.1	201896.8041
		119	.2	190158.9627
		119	.3	101174.8129
		119	.4	201896.8041
		119	.5	159787.0582
		119	.6	224882.7885
		119	.7	80719.3782
		119	.8	234186.1481
		120	.1	170675.7079
		120	.2	160752.9932
		120	.3	85529.2529
		120	.4	170675.7079
		120	.5	135077.7660
		120	.6	190107.1653
		120	.7	68237.0238
		120	.8	197971.8639
		121	.1	146751.4758
		121	.2	138219.6640
		121	.3	73540.3078
		121	.4	146751.4758
		121	.5	116143.4264
		121	.6	163459.1555
		121	.7	58671.9930
		121	.8	170221.4307
		122	.1	449430.7027
		122	.2	423301.7786
		122	.3	225219.3515
		122	.4	449430.7027
		122	.5	355692.6528
		122	.6	500598.4623
		122	.7	179684.7010
		122	.8	521308.1287
		123	.1	144494.2542
		123	.2	136093.6723
		123	.3	72409.1657
		123	.4	144494.2542
		123	.5	114356.9949
		123	.6	160944.9488
		123	.7	57769.5442
		123	.8	167603.2118
		124	.1	486142.3801
		124	.2	457879.1188
		124	.3	243616.3593
		124	.4	486142.3801
		124	.5	384747.3521
		124	.6	541489.7702
		124	.7	194362.2180
		124	.8	563891.1025
		125	.1	488617.6655
		125	.2	460210.4966
		125	.3	244856.7779
		125	.4	488617.6655
		125	.5	386706.3657
		125	.6	544246.8673
		125	.7	195351.8498
		125	.8	566762.2602
		126	.1	129669.2035
		126	.2	122130.5179
		126	.3	64980.0152
		126	.4	129669.2035
		126	.5	102624.0146
		126	.6	144432.0637
		126	.7	51842.4129
		126	.8	150407.1916
		127	.1	60201.9272
		127	.2	56701.9180
		127	.3	30168.4752
		127	.4	60201.9272
		127	.5	47645.5727
		127	.6	67055.9266
		127	.7	24069.0394
		127	.8	69830.0179
		128	.1	238774.8031
		128	.2	224892.9550
		128	.3	119655.1681
		128	.4	238774.8031
		128	.5	188973.3893
		128	.6	265959.3537
		128	.7	95463.3914
		128	.8	276962.0433 /;
