SET t /0*33/;
SET m /1*4/;
PARAMETER m_cores(m)
	/	1	4
		2	4
		3	4
		4	4 /;
PARAMETER t_arrival(t)
	/	1	34.0
		2	49.0
		3	105.0
		4	113.0
		5	146.0
		6	151.0
		7	162.0
		8	191.0
		9	215.0
		10	219.0
		11	220.0
		12	295.0
		13	340.0
		14	364.0
		15	375.0
		16	376.0
		17	377.0
		18	465.0
		19	476.0
		20	486.0
		21	521.0
		22	530.0
		23	534.0
		24	536.0
		25	613.0
		26	644.0
		27	686.0
		28	771.0
		29	776.0
		30	786.0
		31	788.0
		32	806.0 /;
PARAMETER t_cores(t)
	/	1	1
		2	1
		3	1
		4	1
		5	1
		6	4
		7	1
		8	1
		9	1
		10	1
		11	2
		12	1
		13	2
		14	1
		15	1
		16	1
		17	1
		18	1
		19	1
		20	2
		21	1
		22	1
		23	1
		24	1
		25	2
		26	1
		27	1
		28	1
		29	1
		30	1
		31	1
		32	1 /;
PARAMETER t_priorities(t)
	/	1	3
		2	3
		3	3
		4	3
		5	3
		6	3
		7	3
		8	1
		9	3
		10	3
		11	3
		12	2
		13	3
		14	3
		15	3
		16	4
		17	3
		18	3
		19	3
		20	3
		21	2
		22	5
		23	5
		24	3
		25	3
		26	3
		27	3
		28	5
		29	1
		30	2
		31	3
		32	3 /;
PARAMETER etc(t,m)
	/	1	.1	18349.6015
		1	.2	12193.3929
		1	.3	16296.6700
		1	.4	12193.3929
		2	.1	46278.5236
		2	.2	30752.2876
		2	.3	41100.9377
		2	.4	30752.2876
		3	.1	1401.4922
		3	.2	931.2979
		3	.3	1244.6949
		3	.4	931.2979
		4	.1	23410.6473
		4	.2	15556.4807
		4	.3	20791.4921
		4	.4	15556.4807
		5	.1	20502.5571
		5	.2	13624.0416
		5	.3	18208.7555
		5	.4	13624.0416
		6	.1	10071.6092
		6	.2	6692.6297
		6	.3	8944.8096
		6	.4	6692.6297
		7	.1	2191.8629
		7	.2	1456.5028
		7	.3	1946.6399
		7	.4	1456.5028
		8	.1	17203.8798
		8	.2	11432.0557
		8	.3	15279.1303
		8	.4	11432.0557
		9	.1	15435.4811
		9	.2	10256.9468
		9	.3	13708.5780
		9	.4	10256.9468
		10	.1	5510.0785
		10	.2	3661.4720
		10	.3	4893.6175
		10	.4	3661.4720
		11	.1	6254.2087
		11	.2	4155.9498
		11	.3	5554.4953
		11	.4	4155.9498
		12	.1	32716.3424
		12	.2	21740.1570
		12	.3	29056.0772
		12	.4	21740.1570
		13	.1	2001.5927
		13	.2	1330.0674
		13	.3	1777.6569
		13	.4	1330.0674
		14	.1	17992.7631
		14	.2	11956.2722
		14	.3	15979.7543
		14	.4	11956.2722
		15	.1	48090.2449
		15	.2	31956.1846
		15	.3	42709.9658
		15	.4	31956.1846
		16	.1	6553.0180
		16	.2	4354.5100
		16	.3	5819.8741
		16	.4	4354.5100
		17	.1	7319.1441
		17	.2	4863.6042
		17	.3	6500.2870
		17	.4	4863.6042
		18	.1	20415.2753
		18	.2	13566.0425
		18	.3	18131.2387
		18	.4	13566.0425
		19	.1	9861.6812
		19	.2	6553.1317
		19	.3	8758.3681
		19	.4	6553.1317
		20	.1	2263.4550
		20	.2	1504.0761
		20	.3	2010.2224
		20	.4	1504.0761
		21	.1	6212.4456
		21	.2	4128.1981
		21	.3	5517.4046
		21	.4	4128.1981
		22	.1	9273.7464
		22	.2	6162.4463
		22	.3	8236.2107
		22	.4	6162.4463
		23	.1	2760.3218
		23	.2	1834.2463
		23	.3	2451.5003
		23	.4	1834.2463
		24	.1	26347.0510
		24	.2	17507.7341
		24	.3	23399.3744
		24	.4	17507.7341
		25	.1	1699.0351
		25	.2	1129.0165
		25	.3	1508.9491
		25	.4	1129.0165
		26	.1	23927.6131
		26	.2	15900.0068
		26	.3	21250.6204
		26	.4	15900.0068
		27	.1	7552.6256
		27	.2	5018.7538
		27	.3	6707.6469
		27	.4	5018.7538
		28	.1	7057.0670
		28	.2	4689.4528
		28	.3	6267.5308
		28	.4	4689.4528
		29	.1	601.2001
		29	.2	399.5002
		29	.3	533.9386
		29	.4	399.5002
		30	.1	6224.7362
		30	.2	4136.3653
		30	.3	5528.3202
		30	.4	4136.3653
		31	.1	18514.9587
		31	.2	12303.2735
		31	.3	16443.5273
		31	.4	12303.2735
		32	.1	5838.8122
		32	.2	3879.9170
		32	.3	5185.5728
		32	.4	3879.9170 /;
PARAMETER m_eidle(m)
	/	1	79.3
		2	48.7
		3	92.7
		4	48.7 /;
PARAMETER eec(t,m)
	/	1	.1	325705.4258
		1	.2	141138.5228
		1	.3	275413.7226
		1	.4	141138.5228
		2	.1	821443.7935
		2	.2	355957.7285
		2	.3	694605.8468
		2	.4	355957.7285
		3	.1	24876.4868
		3	.2	10779.7731
		3	.3	21035.3445
		3	.4	10779.7731
		4	.1	415538.9901
		4	.2	180066.2641
		4	.3	351376.2163
		4	.4	180066.2641
		5	.1	363920.3889
		5	.2	157698.2820
		5	.3	307727.9686
		5	.4	157698.2820
		6	.1	715084.2521
		6	.2	309868.7556
		6	.3	604669.1282
		6	.4	309868.7556
		7	.1	38905.5667
		7	.2	16859.0198
		7	.3	32898.2145
		7	.4	16859.0198
		8	.1	305368.8668
		8	.2	132326.0447
		8	.3	258217.3022
		8	.4	132326.0447
		9	.1	273979.7902
		9	.2	118724.1593
		9	.3	231674.9676
		9	.4	118724.1593
		10	.1	97803.8931
		10	.2	42381.5383
		10	.3	82702.1356
		10	.4	42381.5383
		11	.1	222024.4073
		11	.2	96210.2390
		11	.3	187741.9401
		11	.4	96210.2390
		12	.1	580715.0782
		12	.2	251642.3178
		12	.3	491047.7038
		12	.4	251642.3178
		13	.1	71056.5400
		13	.2	30791.0593
		13	.3	60084.8025
		13	.4	30791.0593
		14	.1	319371.5454
		14	.2	138393.8509
		14	.3	270057.8475
		14	.4	138393.8509
		15	.1	853601.8473
		15	.2	369892.8363
		15	.3	721798.4221
		15	.4	369892.8363
		16	.1	116316.0689
		16	.2	50403.4531
		16	.3	98355.8731
		16	.4	50403.4531
		17	.1	129914.8074
		17	.2	56296.2191
		17	.3	109854.8501
		17	.4	56296.2191
		18	.1	362371.1360
		18	.2	157026.9414
		18	.3	306417.9336
		18	.4	157026.9414
		19	.1	175044.8422
		19	.2	75852.4989
		19	.3	148016.4215
		19	.4	75852.4989
		20	.1	80352.6525
		20	.2	34819.3606
		20	.3	67945.5158
		20	.4	34819.3606
		21	.1	110270.9097
		21	.2	47783.8932
		21	.3	93244.1382
		21	.4	47783.8932
		22	.1	164608.9980
		22	.2	71330.3156
		22	.3	139191.9610
		22	.4	71330.3156
		23	.1	48995.7119
		23	.2	21231.4007
		23	.3	41430.3550
		23	.4	21231.4007
		24	.1	467660.1544
		24	.2	202652.0227
		24	.3	395449.4271
		24	.4	202652.0227
		25	.1	60315.7472
		25	.2	26136.7321
		25	.3	51002.4800
		25	.4	26136.7321
		26	.1	424715.1328
		26	.2	184042.5786
		26	.3	359135.4841
		26	.4	184042.5786
		27	.1	134059.1046
		27	.2	58092.0749
		27	.3	113359.2324
		27	.4	58092.0749
		28	.1	125262.9393
		28	.2	54280.4166
		28	.3	105921.2702
		28	.4	54280.4166
		29	.1	10671.3022
		29	.2	4624.2147
		29	.3	9023.5619
		29	.4	4624.2147
		30	.1	110489.0675
		30	.2	47878.4280
		30	.3	93428.6106
		30	.4	47878.4280
		31	.1	328640.5171
		31	.2	142410.3912
		31	.3	277895.6107
		31	.4	142410.3912
		32	.1	103638.9158
		32	.2	44910.0393
		32	.3	87636.1809
		32	.4	44910.0393 /;
