SET t /0*9/;
SET m /1*2/;
PARAMETER m_cores(m)
	/	1	4
		2	4 /;
PARAMETER t_arrival(t)
	/	1	22.0
		2	30.0
		3	34.0
		4	83.0
		5	153.0
		6	176.0
		7	186.0
		8	193.0 /;
PARAMETER t_cores(t)
	/	1	2
		2	1
		3	1
		4	2
		5	1
		6	1
		7	1
		8	4 /;
PARAMETER t_priorities(t)
	/	1	2
		2	3
		3	3
		4	3
		5	1
		6	3
		7	4
		8	4 /;
PARAMETER etc(t,m)
	/	1	.1	7576.4267
		1	.2	8845.6460
		2	.1	22022.7254
		2	.2	25712.0199
		3	.1	4679.9043
		3	.2	5463.8920
		4	.1	6066.4199
		4	.2	7082.6797
		5	.1	3734.9684
		5	.2	4360.6584
		6	.1	29448.9083
		6	.2	34382.2530
		7	.1	898.7644
		7	.2	1049.3274
		8	.1	5833.7965
		8	.2	6811.0867 /;
PARAMETER m_eidle(m)
	/	1	55.2
		2	36.6 /;
PARAMETER eec(t,m)
	/	1	.1	176909.5631
		1	.2	218487.4568
		2	.1	257115.3192
		2	.2	317543.4455
		3	.1	54637.8829
		3	.2	67479.0660
		4	.1	141650.9057
		4	.2	174942.1886
		5	.1	43605.7566
		5	.2	53854.1315
		6	.1	343816.0045
		6	.2	424620.8240
		7	.1	10493.0750
		7	.2	12959.1935
		8	.1	272438.2971
		8	.2	336467.6823 /;
