instance,aga nd avg,aga nd stdev,adhoc nd avg,adhoc nd stdev,aga spread avg,aga spread stdev,adhoc spread avg,adhoc spread stdev,aga hv avg,aga hv stdev,adhoc hv avg,adhoc hv stdev,aga igd avg,aga igd stdev,adhoc igd avg,adhoc igd stdev
0 A.u_c_hihi,9.73333333333,0.679869268479,4.06666666667,1.41264134003 ,0.8415978,0.163423516141,0.850679166667,0.282706540801 ,0.312331115902,0.102153956626,0.00356624094995,0.0174470617249 ,0.0539149954238,0.0181465475238,0.154570720398,0.0241012085923
0 A.u_c_hilo,9.5,1.25830573921,4.6,1.2 ,0.9570348,0.140215258511,0.930370233333,0.207799610247 ,0.213964195116,0.12754539201,0.00219459470246,0.00897820876558 ,0.0591594915812,0.0235007049891,0.128640378114,0.0342186792888
0 A.u_c_lohi,8.9,1.24766448481,4.23333333333,1.05461946797 ,0.713881866667,0.157866054306,0.820562666667,0.282990837286 ,0.542404173631,0.0895405516821,0.180319536693,0.150810858008 ,0.0533616817893,0.0105257022104,0.100811425043,0.0247625073513
0 A.u_c_lolo,3.56666666667,1.11604460285,3.36666666667,1.07960898271 ,0.841358586207,0.108873936942,0.799312285714,0.13511119926 ,0.226290579246,0.136144486284,0.250089034285,0.188822367994 ,0.145365300719,0.0322322917131,0.147235256017,0.0473491946993
0 B.u_c_hihi,9.73333333333,0.573488351136,4.0,1.57056253192 ,0.9805917,0.145875077911,0.808617466667,0.33537848072 ,0.303928106263,0.133701538885,0.0529661536429,0.105209873644 ,0.0700930208673,0.028117234326,0.13299795769,0.0355622273853
0 B.u_c_hilo,8.73333333333,1.56914697279,4.56666666667,1.256538455 ,0.876624433333,0.178295497464,0.993490333333,0.299698054636 ,0.45679622113,0.133796797281,0.148914114818,0.159928649404 ,0.0508203943783,0.0143483129713,0.103004467699,0.0181961145534
0 B.u_c_lohi,9.1,1.55670592384,4.3,1.3699148392 ,0.964465133333,0.136587611544,0.906197533333,0.281018792083 ,0.19728390459,0.135318537432,0.0269453840879,0.0595606066568 ,0.0823362112418,0.0352634118269,0.137224561304,0.0360511700841
0 B.u_c_lolo,8.5,1.5,3.96666666667,0.982626864866 ,0.8043175,0.154719485668,0.916861766667,0.237369965961 ,0.284348001977,0.0791462381999,0.0236067553089,0.0492450390094 ,0.0468349267689,0.0125453843865,0.113713332605,0.0285172158631
6 A.u_c_hihi,9.76666666667,0.715697018453,4.1,1.19303534454 ,0.8919421,0.138767997046,0.855213466667,0.298227222646 ,0.413543544113,0.105036244173,0.0224018833884,0.0554827139102 ,0.0485763879632,0.0128417468734,0.122865415575,0.0367172540035
6 A.u_c_hilo,9.76666666667,0.667499479817,4.0,1.41421356237 ,0.944439566667,0.109610867695,0.823678966667,0.362717963501 ,0.356587916569,0.101207231867,0.0359578888971,0.0799349238584 ,0.0491917332382,0.0140448471308,0.129426218017,0.0308932474127
6 A.u_c_lohi,9.06666666667,0.99777530314,4.1,1.13578166916 ,0.723509566667,0.173878822811,0.741612066667,0.325320210201 ,0.513660077886,0.0503386867091,0.102314958427,0.0888662703457 ,0.026863844061,0.00508971773051,0.0799990721836,0.0141521814004
6 A.u_c_lolo,3.56666666667,1.20231258646,3.06666666667,0.99777530314 ,0.771800793103,0.135557871519,0.732304896552,0.18579294283 ,0.279187454466,0.125843018003,0.209334083117,0.1263013374 ,0.100472656538,0.0279643530845,0.111255184753,0.0374486636682
6 B.u_c_hihi,9.2,1.27540843131,4.13333333333,1.02415276638 ,0.8777107,0.120610882044,0.919511733333,0.229533865858 ,0.334369150879,0.12069837981,0.0204861561511,0.0488507319401 ,0.0579337569124,0.0200897877055,0.127712793346,0.0214557904712
6 B.u_c_hilo,8.63333333333,1.70261237188,3.9,1.39880901722 ,0.862284733333,0.188613181745,0.8753782,0.333814228632 ,0.331962273005,0.133718892992,0.06553907803,0.0971183011052 ,0.0759212746235,0.0282546109627,0.144375660152,0.0438517731398
6 B.u_c_lohi,9.86666666667,0.426874949162,4.53333333333,1.43139403691 ,0.898784633333,0.159268720625,0.9368419,0.333703970699 ,0.396689757671,0.069332987202,0.0406088916129,0.0807779681638 ,0.0390210489029,0.0112994603984,0.0997117776453,0.0267774187228
6 B.u_c_lolo,7.56666666667,1.8199511593,3.96666666667,1.01598337694 ,0.748222266667,0.190613473002,0.8015942,0.254083723686 ,0.255641876254,0.0899050624371,0.0271811171626,0.0530276751975 ,0.0521599284521,0.0162400141553,0.106838193976,0.0341844728664
11 A.u_c_hihi,9.76666666667,0.558768487141,3.83333333333,1.31866936299 ,0.983570066667,0.103944296481,0.896745266667,0.260928780427 ,0.336554925454,0.123575245858,0.147172888726,0.124322624541 ,0.0613192125856,0.0229403903466,0.0970022285507,0.025048195173
11 A.u_c_hilo,8.73333333333,2.18987569409,4.13333333333,1.38403596614 ,0.9664902,0.124247189071,0.8619503,0.269020073305 ,0.117326943505,0.17853349612,0.0140835980875,0.0437997582309 ,0.186603239786,0.0809427976553,0.335429176206,0.108969726116
11 A.u_c_lohi,7.16666666667,1.46249406457,4.2,1.04562580942 ,0.734853233333,0.138423426696,0.8138669,0.154649121302 ,0.36589272991,0.126660149492,0.174800590683,0.145571184667 ,0.0648698526811,0.0199985729006,0.0996135189452,0.0296646602917
11 A.u_c_lolo,2.0,0.930949336251,2.46666666667,1.02415276638 ,0.843191777778,0.123178259364,0.854606884615,0.108743419753 ,0.0790639768799,0.123084216075,0.0368444220579,0.079318887646 ,0.268009459091,0.123958567759,0.322686658684,0.119778248836
11 B.u_c_hihi,7.4,2.25979350089,3.73333333333,1.33998341615 ,0.936090833333,0.131997284467,0.842233566667,0.241216744198 ,0.128286062903,0.136583192252,0.0273234184413,0.0477881322446 ,0.139234727819,0.0529947292233,0.207017783692,0.0639994336662
11 B.u_c_hilo,7.93333333333,1.84270332814,3.46666666667,1.02415276638 ,0.887928133333,0.121702650335,0.842254366667,0.236596172743 ,0.2684121521,0.124797476277,0.0214703617249,0.0486994814154 ,0.0780763207454,0.0281911024231,0.181795094473,0.0535901753429
11 B.u_c_lohi,7.23333333333,2.33357141642,3.93333333333,1.18133634311 ,0.953778866667,0.111653813588,0.915813566667,0.192226507066 ,0.109147892156,0.162793249993,0.0242844152416,0.0719743082357 ,0.245670491044,0.10813037343,0.353256331283,0.133536628498
11 B.u_c_lolo,7.83333333333,1.18556128292,3.7,1.03762549442 ,0.7813715,0.155657602703,0.794139533333,0.246167381922 ,0.253783531467,0.13973548764,0.0532394287933,0.0900791781953 ,0.0614305861771,0.0278745064818,0.105971726959,0.030729098721
13 A.u_c_hihi,9.2,1.53622914957,4.76666666667,1.20231258646 ,0.993951833333,0.136293414194,0.990522,0.170868357745 ,0.0589955869887,0.0823509523298,0.0265485957618,0.0489768961774 ,0.217396122627,0.07726875831,0.255297216174,0.0744597253255
13 A.u_c_hilo,9.46666666667,1.08730042869,4.7,1.53079500043 ,1.0518948,0.122524843166,0.924053133333,0.279772376334 ,0.094108034545,0.110096511774,0.0838516099475,0.143774359159 ,0.115501189157,0.0632471594618,0.141296613905,0.048558302765
13 A.u_c_lohi,6.33333333333,1.6996731712,3.73333333333,1.26315302143 ,0.713844633333,0.208042040471,0.7899722,0.231773966758 ,0.0601770943874,0.0740065607652,0.00698989419083,0.0237686111384 ,0.124941557303,0.0437203418336,0.204682383403,0.0566571555899
13 A.u_c_lolo,2.26666666667,0.928559218479,1.63333333333,0.604611904907 ,0.852412695652,0.102983615602,0.779103588235,0.156146751842 ,0.19666466082,0.147958301268,0.231806741155,0.180497589799 ,0.215613089925,0.0394036939443,0.219252614208,0.0510542355967
13 B.u_c_hihi,7.03333333333,2.38723456931,4.53333333333,1.35973853696 ,0.993194533333,0.118818403394,0.934709,0.14726364257 ,0.089438108994,0.152485936061,0.0256772979754,0.081860999284 ,0.261936413455,0.127849064446,0.365574627223,0.13305728883
13 B.u_c_hilo,7.4,1.8547236991,3.6,1.45143607047 ,0.916227666667,0.16842966621,0.7996223,0.282657157703 ,0.142762252161,0.0803361996646,0.0737656769199,0.0776956438166 ,0.0811584120269,0.0253386775985,0.108558132245,0.0208222070748
13 B.u_c_lohi,7.23333333333,2.33357141642,4.6,1.38082101181 ,1.001623,0.115319013945,0.990509366667,0.183222330955 ,0.0619683220686,0.148551660106,0.0130223265596,0.0467555151493 ,0.341754476419,0.207776449232,0.338038827841,0.13639159947
13 B.u_c_lolo,6.5,2.24722050542,3.4,0.879393730552 ,0.834557133333,0.205332996944,0.837876733333,0.157051768463 ,0.13725670355,0.108573202422,0.0302304414704,0.0602164707771 ,0.102527614766,0.0440077803467,0.155050143379,0.0496646526078
16 A.u_c_hihi,9.63333333333,0.948097510222,4.6,1.3316656237 ,0.946260366667,0.167102991601,0.9706376,0.280418910586 ,0.282874290709,0.131178433401,0.0793316582208,0.103362528026 ,0.0490207570407,0.0190980492675,0.0983043506986,0.032609046324
16 A.u_c_hilo,9.53333333333,1.23107902084,4.03333333333,1.35359603362 ,1.00280456667,0.112270851866,0.8961039,0.249025852155 ,0.092367627363,0.0862277570995,0.0126415364328,0.0346265633942 ,0.142592729185,0.0556381124632,0.219422154637,0.0671990992785
16 A.u_c_lohi,8.26666666667,1.71139968707,3.9,1.3 ,0.734101233333,0.142798947381,0.744741566667,0.294000103163 ,0.281700970857,0.0836143329964,0.0581960078374,0.0750998006337 ,0.0390378108479,0.00958956254415,0.0900639926577,0.0245091770521
16 A.u_c_lolo,3.63333333333,1.30341431973,2.9,1.13578166916 ,0.8526032,0.173644899796,0.855188037037,0.158809782012 ,0.0684246301904,0.0958774131153,0.036378101623,0.0467333318982 ,0.202850154039,0.0807521153731,0.21451581111,0.0685554459304
16 B.u_c_hihi,9.13333333333,1.45449494862,4.1,1.53514385862 ,1.01363363333,0.13063769364,0.9207574,0.289508874502 ,0.200873079849,0.139007163885,0.0285716035981,0.0771990041771 ,0.0676986713545,0.0268176862772,0.124859301064,0.0336731758847
16 B.u_c_hilo,9.1,1.16476034731,3.7,1.34536240471 ,0.9229083,0.17426571485,0.793230033333,0.340627550651 ,0.254976036827,0.0784006972768,0.0369714535394,0.0669625265246 ,0.0328330380704,0.0102456068815,0.074305754721,0.00656375359622
16 B.u_c_lohi,8.2,1.92180470739,3.73333333333,1.23648246607 ,0.9792663,0.17392495444,0.881292466667,0.245947733708 ,0.0968635191687,0.128538544052,0.0138828284147,0.0309049907647 ,0.133800432079,0.0563114155604,0.209074144712,0.0512267776874
16 B.u_c_lolo,8.53333333333,1.5216949614,3.76666666667,0.882546819658 ,0.9135864,0.143809714022,0.861356833333,0.160411833091 ,0.300436092328,0.0661396852273,0.0806231912626,0.079018962534 ,0.0379478572655,0.0133972267302,0.0655578973928,0.00882952040374
19 A.u_c_hihi,9.93333333333,0.249443825785,4.63333333333,1.40198272299 ,0.979960866667,0.138158379296,0.9145533,0.28937009406 ,0.192664150031,0.107933887344,0.022907644856,0.0647055355533 ,0.070107038398,0.0221864428246,0.125258481656,0.0384336748932
19 A.u_c_hilo,9.9,0.538516480713,4.33333333333,1.34989711542 ,0.991771966667,0.119610623566,0.900303333333,0.245486314912 ,0.134105320666,0.0921626198526,0.0181533768221,0.0486124672967 ,0.085619388607,0.0288931272047,0.137943354892,0.0305844210894
19 A.u_c_lohi,8.56666666667,1.66699996667,4.2,1.22202018532 ,0.730353366667,0.124897759153,0.796487233333,0.226947413105 ,0.47068444208,0.10335935637,0.263218882409,0.175588737271 ,0.0518229302307,0.0152165979503,0.0852257291578,0.0280700019186
19 A.u_c_lolo,5.1,1.55670592384,3.4,0.952190457139 ,0.708170166667,0.205945965655,0.6425946,0.172949955005 ,0.217712453638,0.145631441582,0.161776367495,0.130361161882 ,0.0985283733109,0.0474117549326,0.115913922245,0.0382217258794
19 B.u_c_hihi,9.0,1.46059348668,3.86666666667,1.30979218029 ,0.9798102,0.130736449739,0.881071966667,0.22976356943 ,0.132648496693,0.131508439352,0.0259571901954,0.052452463549 ,0.120335544504,0.0461202353396,0.188365446268,0.0507311253488
19 B.u_c_hilo,9.13333333333,0.991071249821,4.5,1.43178210633 ,0.916504366667,0.132408394223,0.929517366667,0.290567297641 ,0.293249467328,0.0906091020977,0.0160414608586,0.0542442826639 ,0.0609253681034,0.0121766447966,0.114026875378,0.0188055797496
19 B.u_c_lohi,8.86666666667,1.66799946709,4.5,1.47761068395 ,0.989762433333,0.115906206806,0.912121266667,0.234534457014 ,0.0380778020673,0.0848270898418,0.0108456100803,0.0406428330735 ,0.181028559467,0.0639042892808,0.291048420801,0.089307937681
19 B.u_c_lolo,9.06666666667,1.15277443105,3.7,1.1 ,0.8229372,0.11911603952,0.773767866667,0.241569108681 ,0.347888329554,0.0992858558789,0.143298138462,0.133202389687 ,0.0619850069279,0.0162621550502,0.096950784681,0.0384227071511
