[INFO] Cantidad de iteraciones 1500000.
[INFO] Number of threads 2.
[INFO] === Initializing Billion GA ====================
[INFO] Problem size    : 8388608
[INFO] Population size : 1024
[INFO] Num. of vectors : 2
[INFO] Delta           : 1
[INFO] Prob. min. value: 1
[INFO] Prob. max. value: 1024
[INFO] Requesting a size 2 prob_vector_size CPU memory
[INFO] Requesting a size 2 samples CPU memory
[INFO] > Requesting CPU memory for sample 0 vectors array
[INFO] > Requesting CPU memory for sample 1 vectors array
[INFO] Requesting samples_fitness CPU memory (size: 2)
[INFO] === Solicitando memoria para el thread 0 =====
[INFO] > Requesting 4194304 bits GPU memory for prob_vector 0 (size: 4194304 / 16 Mb)
[INFO] Requesting a size 2 samples CPU memory
[INFO] > Requesting sample 0 GPU memory for vector 0 (size: 131072 / 0 Mb)
[INFO] > Requesting sample 1 GPU memory for vector 0 (size: 131072 / 0 Mb)
iter,f1,f2,avg f1 f2
0,0,0,0.0000,0.0000
[INFO] === Solicitando memoria para el thread 1 =====
[INFO] > Requesting 4194304 bits GPU memory for prob_vector 1 (size: 4194304 / 16 Mb)
[INFO] Requesting a size 2 samples CPU memory
[INFO] > Requesting sample 0 GPU memory for vector 1 (size: 131072 / 0 Mb)
[INFO] > Requesting sample 1 GPU memory for vector 1 (size: 131072 / 0 Mb)
iter,f1,f2,avg f1 f2
10000,4207301,4207308,4207304.5000,410869.5938
20000,4226051,4222640,4224345.5000,412533.7500
30000,4237067,4236518,4236792.5000,413749.2812
40000,4251960,4251309,4251634.5000,415198.6875
50000,4268446,4266407,4267426.5000,416740.8750
60000,4279599,4281049,4280324.0000,418000.3750
70000,4294454,4293055,4293754.5000,419311.9688
80000,4308781,4308330,4308555.5000,420757.3750
90000,4323482,4322998,4323240.0000,422191.4062
100000,4336057,4336828,4336442.5000,423480.7188
110000,4350622,4349707,4350164.5000,424820.7500
120000,4366152,4363952,4365052.0000,426274.6250
130000,4378161,4376096,4377128.5000,427453.9688
140000,4390719,4392029,4391374.0000,428845.1250
150000,4403769,4404218,4403993.5000,430077.5000
160000,4415844,4417366,4416605.0000,431309.0938
170000,4430829,4429826,4430327.5000,432649.1562
180000,4444377,4442331,4443354.0000,433921.2812
190000,4456917,4455522,4456219.5000,435177.6875
200000,4468641,4470377,4469509.0000,436475.5000
210000,4480501,4482360,4481430.5000,437639.6875
220000,4494607,4495630,4495118.5000,438976.4062
230000,4508219,4507596,4507907.5000,440225.3438
240000,4522315,4520746,4521530.5000,441555.7188
250000,4531426,4532428,4531927.0000,442571.0000
260000,4546529,4545361,4545945.0000,443939.9375
270000,4557875,4559428,4558651.5000,445180.8125
280000,4572290,4573320,4572805.0000,446563.0000
290000,4583898,4585422,4584660.0000,447720.6875
300000,4598684,4598342,4598513.0000,449073.5312
310000,4608387,4610851,4609619.0000,450158.0938
320000,4622855,4621977,4622416.0000,451407.8125
330000,4634374,4634292,4634333.0000,452571.5938
340000,4644961,4645824,4645392.5000,453651.6250
350000,4659623,4660859,4660241.0000,455101.6562
360000,4671471,4672170,4671820.5000,456232.4688
370000,4684971,4683285,4684128.0000,457434.3750
380000,4695781,4698335,4697058.0000,458697.0625
390000,4707668,4711541,4709604.5000,459922.3125
400000,4721672,4721989,4721830.5000,461116.2500
410000,4734364,4732750,4733557.0000,462261.4375
420000,4746401,4745070,4745735.5000,463450.7188
430000,4757897,4758380,4758138.5000,464661.9688
440000,4769508,4769392,4769450.0000,465766.5938
450000,4783699,4784377,4784038.0000,467191.2188
460000,4794448,4794517,4794482.5000,468211.1875
470000,4807600,4807400,4807500.0000,469482.4375
480000,4818478,4817628,4818053.0000,470513.0000
490000,4832427,4832403,4832415.0000,471915.5312
500000,4844390,4843827,4844108.5000,473057.4688
510000,4856219,4856063,4856141.0000,474232.5312
520000,4866934,4867860,4867397.0000,475331.7500
530000,4879699,4881655,4880677.0000,476628.6250
540000,4891441,4890937,4891189.0000,477655.1875
550000,4903462,4904567,4904014.5000,478907.6562
560000,4914352,4915070,4914711.0000,479952.2500
570000,4927517,4928887,4928202.0000,481269.7188
580000,4938920,4937133,4938026.5000,482229.1562
590000,4951625,4950562,4951093.5000,483505.2188
600000,4962403,4961837,4962120.0000,484582.0312
610000,4974230,4973276,4973753.0000,485718.0625
620000,4985792,4984958,4985375.0000,486853.0312
630000,4996317,4997911,4997114.0000,487999.4062
640000,5009080,5007459,5008269.5000,489088.8125
650000,5019226,5020277,5019751.5000,490210.0938
660000,5031325,5031328,5031326.5000,491340.4688
670000,5041991,5042463,5042227.0000,492404.9688
680000,5053419,5054034,5053726.5000,493527.9688
690000,5065249,5065604,5065426.5000,494670.5625
700000,5077151,5076854,5077002.5000,495801.0312
710000,5086982,5088019,5087500.5000,496826.2188
720000,5099025,5100602,5099813.5000,498028.6562
730000,5110862,5110619,5110740.5000,499095.7500
740000,5122578,5121590,5122084.0000,500203.5000
750000,5134007,5133370,5133688.5000,501336.7812
760000,5143994,5145409,5144701.5000,502412.2500
770000,5156144,5155574,5155859.0000,503501.8438
780000,5165807,5167071,5166439.0000,504535.0625
790000,5178823,5176429,5177626.0000,505627.5312
800000,5187363,5188669,5188016.0000,506642.1875
810000,5199455,5199177,5199316.0000,507745.6875
820000,5209324,5210477,5209900.5000,508779.3438
830000,5221841,5220471,5221156.0000,509878.5000
840000,5230536,5230799,5230667.5000,510807.3750
850000,5242916,5241978,5242447.0000,511957.7188
860000,5252522,5252514,5252518.0000,512941.2188
870000,5264193,5263847,5264020.0000,514064.4375
880000,5273024,5274392,5273708.0000,515010.5625
890000,5284329,5285506,5284917.5000,516105.2188
900000,5294887,5295813,5295350.0000,517124.0312
910000,5306679,5305126,5305902.5000,518154.5312
920000,5316081,5317036,5316558.5000,519195.1562
930000,5326903,5326782,5326842.5000,520199.4688
940000,5337093,5337092,5337092.5000,521200.4375
950000,5346473,5347585,5347029.0000,522170.8125
960000,5357084,5358103,5357593.5000,523202.5000
970000,5368450,5367375,5367912.5000,524210.2188
980000,5378736,5378739,5378737.5000,525267.3125
990000,5388255,5387952,5388103.5000,526182.0000
1000000,5400332,5399039,5399685.5000,527313.0625
1010000,5409154,5409292,5409223.0000,528244.4375
1020000,5419440,5418563,5419001.5000,529199.3750
1030000,5429183,5429655,5429419.0000,530216.6875
1040000,5439033,5439050,5439041.5000,531156.3750
1050000,5447948,5448486,5448217.0000,532052.4375
1060000,5460011,5460266,5460138.5000,533216.6250
1070000,5470772,5468622,5469697.0000,534150.1250
1080000,5478543,5477658,5478100.5000,534970.7500
1090000,5488598,5489816,5489207.0000,536055.3750
1100000,5498559,5498908,5498733.5000,536985.6875
1110000,5508946,5509493,5509219.5000,538009.6875
1120000,5518334,5518762,5518548.0000,538920.6875
1130000,5527583,5529487,5528535.0000,539896.0000
1140000,5536878,5537901,5537389.5000,540760.6875
1150000,5548808,5548489,5548648.5000,541860.1875
1160000,5556959,5557311,5557135.0000,542688.9375
1170000,5567906,5566085,5566995.5000,543651.8750
1180000,5576480,5575717,5576098.5000,544540.8750
1190000,5585505,5586643,5586074.0000,545515.0625
1200000,5596136,5594538,5595337.0000,546419.6250
1210000,5605517,5604792,5605154.5000,547378.3750
1220000,5614061,5614552,5614306.5000,548272.1250
1230000,5625055,5623678,5624366.5000,549254.5625
1240000,5633727,5633290,5633508.5000,550147.3125
1250000,5643115,5643328,5643221.5000,551095.8750
1260000,5653368,5651490,5652429.0000,551995.0000
1270000,5662287,5661808,5662047.5000,552934.3125
1280000,5672261,5671179,5671720.0000,553878.8750
1290000,5680385,5680222,5680303.5000,554717.1250
1300000,5690446,5689641,5690043.5000,555668.3125
1310000,5699251,5699791,5699521.0000,556593.8750
1320000,5708801,5708827,5708814.0000,557501.3750
1330000,5717390,5717167,5717278.5000,558328.0000
1340000,5726184,5727462,5726823.0000,559260.0625
1350000,5735545,5736665,5736105.0000,560166.5000
1360000,5745217,5745452,5745334.5000,561067.8125
1370000,5754106,5754852,5754479.0000,561960.8125
1380000,5762758,5763678,5763218.0000,562814.2500
1390000,5772426,5771864,5772145.0000,563686.0625
1400000,5781286,5781376,5781331.0000,564583.1250
1410000,5790903,5790261,5790582.0000,565486.5000
1420000,5798960,5799260,5799110.0000,566319.3125
1430000,5808247,5807880,5808063.5000,567193.6875
1440000,5816597,5817434,5817015.5000,568067.9375
1450000,5825617,5826164,5825890.5000,568934.6250
1460000,5834592,5834986,5834789.0000,569803.6250
1470000,5843728,5843043,5843385.5000,570643.1250
1480000,5852559,5851872,5852215.5000,571505.4375
1490000,5860755,5860687,5860721.0000,572336.0625
>>>>
iter,avg. prob., abs. value,abs. improv.,gt 75,gt 50,lt 50,lt 25
1500000,69.9745,6010763846,2722827,2894495,1299042,1096004
