9	1
56	1
60	1
63	1
65	1
76	1
82	1
92	1
96	1
125	1
132	1
142	1
154	1
162	1
163	1
177	1
228	1
245	1
258	1
270	1
272	1
289	1
360	1
362	1
372	1
378	1
387	1
406	1
419	1
427	1
445	1
454	1
506	1
535	1
558	1
612	1
648	1
661	1
663	1
677	1
681	1
697	1
715	1
770	1
781	1
801	1
834	1
851	2
854	1
899	1
935	1
942	1
946	1
957	1
960	1
962	1
976	1
982	1
990	1
995	1
1044	1
1070	1
1074	1
1075	1
1099	1
1109	1
1132	1
1138	1
1148	1
1227	1
1229	1
1232	1
1234	1
1238	1
1240	1
1294	1
1341	1
1361	1
1393	2
1407	2
1422	1
1428	1
1449	1
1455	1
1475	1
1492	1
1525	2
1539	1
1553	1
1566	1
1590	1
1598	1
1629	1
1648	1
1681	1
1692	1
1693	1
1704	1
1721	1
1733	1
1772	1
1795	1
1821	1
1844	1
1845	1
1846	1
1897	1
1899	1
1955	1
1959	1
1975	1
2007	1
2012	1
2041	1
2087	1
2089	1
2126	1
2128	1
2129	1
2188	1
2213	1
2215	1
2232	1
2279	1
