5	1
7	1
78	1
80	1
113	1
121	1
133	1
139	1
146	1
168	1
174	1
179	1
216	1
218	1
235	1
236	1
288	1
331	1
347	1
364	1
372	1
386	1
402	1
412	1
421	1
490	1
520	1
524	1
532	1
550	1
556	1
597	1
623	1
677	1
683	1
732	1
783	1
806	1
810	1
859	1
915	1
922	1
965	1
1005	1
1026	1
1040	1
1050	1
1052	1
1070	1
1078	1
1140	1
1156	1
1159	1
1168	1
1187	1
1206	1
1256	1
1258	1
1366	1
1371	1
1380	1
1384	1
1385	1
1443	1
1444	1
1468	1
1469	1
1480	1
1515	1
1535	1
1577	1
1601	1
1611	1
1620	2
1646	1
1679	1
1681	1
1702	1
1703	1
1705	1
1726	1
1727	1
1761	1
1810	1
1816	1
1892	1
1898	1
1908	1
1935	1
1939	1
2024	1
2053	1
2093	1
2172	1
2199	1
2210	1
2229	1
2337	1
2339	1
2355	1
2364	1
2387	1
2392	1
2394	1
2409	1
2449	1
2464	1
2508	1
2524	1
2532	1
2550	1
2604	1
2617	1
2623	1
2642	1
2706	1
2720	1
2751	1
2759	1
2768	1
2776	1
2789	2
2800	1
2823	1
2835	1
2839	1
