1	1
35	1
51	1
60	1
86	1
87	1
90	1
110	1
169	1
207	1
223	1
225	1
242	1
268	1
282	1
311	1
330	1
335	1
336	1
338	1
368	1
376	1
381	1
383	1
400	1
421	1
442	1
531	1
540	1
551	1
558	1
573	1
582	1
622	1
665	1
725	1
729	1
730	1
743	1
753	1
764	1
777	1
790	1
798	1
800	1
825	1
833	1
841	1
866	1
869	1
947	1
969	1
984	1
997	1
1018	1
1020	1
1045	1
1056	1
1130	1
1132	1
1143	1
1151	1
1156	1
1166	1
1168	1
1170	1
1197	1
1202	1
1223	1
1259	1
1271	1
1290	1
1310	1
1312	1
1370	1
1372	1
1375	1
1392	1
1435	1
1481	1
1482	1
1507	1
1542	1
1557	1
1568	1
1608	1
1616	1
1652	1
1656	1
1697	1
1713	1
1714	1
1749	1
1766	1
1792	1
1801	1
1802	1
1816	1
1849	1
1860	1
1880	1
1903	1
1945	1
1974	1
2013	1
2052	1
2061	1
2069	1
2104	1
2124	1
2139	1
2202	1
2216	1
2230	2
2232	1
2285	1
2295	1
2307	1
2356	1
2364	1
2380	1
2405	1
2470	1
2487	1
2529	1
2539	1
2587	1
