14	1
29	1
40	1
52	1
56	1
81	1
99	1
101	1
161	1
183	1
219	1
251	1
264	1
268	1
288	1
289	1
340	1
347	1
363	1
424	1
426	1
472	1
515	1
521	1
526	1
538	1
544	1
565	1
588	1
591	1
625	1
651	1
661	1
685	1
687	1
717	1
724	1
725	1
743	1
753	3
767	1
771	1
776	1
780	1
782	1
800	1
815	1
870	1
906	1
909	1
953	1
989	1
994	1
995	1
1000	1
1063	1
1090	1
1098	1
1103	1
1167	1
1180	1
1181	1
1193	1
1230	1
1245	1
1273	1
1310	1
1335	1
1408	1
1424	1
1478	1
1479	1
1515	1
1538	1
1632	1
1639	1
1691	1
1726	1
1778	2
1808	2
1838	1
1842	1
1845	1
1852	1
1870	1
1874	1
1876	1
1907	1
1920	1
1924	1
1939	1
1972	1
2001	1
2025	1
2029	1
2040	1
2096	1
2098	1
2107	1
2113	1
2121	1
2127	1
2140	1
2193	1
2201	1
2205	1
2267	1
2311	1
2318	1
2332	1
2342	1
2350	1
2351	1
2394	1
2397	1
2416	1
2548	1
2556	1
2608	1
2624	1
2629	1
2657	1
2669	1
2678	1
