9	1
52	1
68	1
70	1
81	1
87	1
88	1
97	1
106	1
112	1
125	1
127	1
130	1
138	1
146	1
182	1
197	1
206	1
207	1
236	1
289	1
314	1
339	1
347	1
359	2
402	1
407	1
463	2
471	1
473	1
492	1
503	1
561	1
565	1
593	1
604	1
633	1
660	1
681	1
682	1
708	1
710	1
720	1
752	1
753	1
760	1
772	1
784	1
800	1
840	1
848	1
886	1
944	1
979	1
1073	1
1080	1
1089	1
1103	1
1130	1
1175	1
1223	1
1225	1
1250	1
1265	1
1290	1
1329	1
1332	1
1345	1
1359	1
1408	1
1409	1
1475	1
1484	1
1500	1
1550	1
1553	1
1578	1
1590	1
1608	1
1626	1
1706	1
1722	1
1726	1
1731	1
1746	1
1750	2
1801	1
1814	1
1869	1
1872	1
1879	1
1932	1
1934	1
1945	1
1979	1
1987	1
2026	1
2028	1
2039	1
2046	1
2048	1
2074	1
2083	1
2136	1
2144	1
2153	1
2165	1
2179	1
2216	1
2228	1
2242	1
2256	1
2265	1
2278	1
2285	1
2287	1
2295	1
2319	1
2337	1
2341	1
2366	1
2389	1
2415	1
2442	1
2448	1
