14	2
60	1
88	1
95	1
108	1
132	1
144	1
178	1
180	1
200	1
227	1
230	1
235	1
303	2
323	1
326	1
345	1
346	1
370	1
439	1
480	1
498	1
522	1
523	1
548	1
566	1
608	1
641	1
668	1
726	1
748	1
790	1
813	1
843	1
848	1
873	1
880	1
929	1
932	1
934	1
935	1
938	1
952	1
956	1
960	1
963	1
991	1
996	1
1008	1
1059	1
1066	1
1070	1
1082	1
1119	1
1197	1
1212	1
1238	1
1249	1
1278	1
1338	1
1359	1
1372	1
1399	1
1414	1
1471	1
1484	1
1508	1
1538	1
1541	1
1556	1
1590	1
1594	1
1627	1
1632	1
1677	1
1693	1
1713	1
1749	1
1771	1
1831	1
1843	1
1905	1
1906	1
1910	1
1921	1
1974	1
1995	1
2033	1
2054	1
2094	1
2100	1
2112	1
2172	2
2180	1
2199	1
2226	1
2230	1
2233	1
2249	1
2269	1
2273	1
2278	1
2322	1
2324	1
2329	1
2349	1
2373	1
2386	1
2391	1
2444	1
2523	1
2533	1
2535	1
2549	1
2562	1
2563	1
2570	1
2576	1
2584	1
2600	1
2628	2
2647	1
2654	1
2666	1
