31	1
48	1
68	1
69	1
121	1
123	1
147	1
156	1
171	1
175	1
185	1
195	1
199	1
235	1
236	1
289	1
294	1
296	1
334	1
343	1
349	1
381	1
393	1
398	1
421	1
434	1
487	1
516	1
526	1
537	1
550	1
562	1
565	1
612	1
659	1
699	1
711	1
714	1
729	1
738	1
762	1
795	1
818	1
833	1
837	1
852	1
871	1
974	1
985	1
1013	1
1015	1
1045	1
1068	1
1138	1
1169	1
1197	1
1227	1
1239	1
1253	1
1257	1
1284	1
1305	1
1325	1
1331	1
1364	1
1393	1
1404	1
1521	1
1536	1
1564	1
1604	1
1617	1
1624	1
1629	1
1659	1
1662	1
1672	1
1705	1
1721	1
1726	1
1745	1
1749	1
1767	1
1780	1
1781	1
1786	1
1797	1
1829	1
1835	1
1838	1
1891	1
1908	1
1931	1
1937	1
1947	1
1948	1
1949	1
1955	1
2012	1
2021	1
2067	1
2093	1
2123	1
2129	1
2171	1
2226	1
2238	1
2241	1
2246	1
2249	1
2278	2
2292	2
2293	1
2296	1
2355	1
2366	1
2398	1
2446	1
2451	1
2488	1
2493	1
2500	1
2527	1
2531	1
2538	1
2542	1
