31	1
63	1
84	1
103	1
104	1
113	1
133	1
139	1
143	1
194	1
210	1
214	1
234	1
256	1
286	1
298	1
303	1
318	1
321	1
336	1
344	1
349	1
356	1
357	1
369	1
375	1
451	1
456	1
471	1
521	1
551	1
571	1
599	1
611	1
632	1
647	1
649	1
674	1
702	1
705	1
716	1
795	1
799	1
802	1
812	1
870	1
891	1
901	1
906	1
907	1
908	1
915	1
932	1
939	1
947	1
956	1
983	1
1045	1
1049	1
1063	1
1083	1
1097	1
1131	1
1158	1
1172	1
1180	1
1183	1
1199	1
1213	1
1219	1
1232	1
1246	1
1254	1
1259	1
1262	1
1281	1
1290	1
1304	1
1308	1
1317	1
1330	1
1336	1
1341	1
1359	1
1362	1
1368	1
1370	1
1387	1
1397	1
1426	1
1428	1
1500	1
1518	1
1522	1
1553	1
1555	1
1594	1
1651	1
1652	1
1656	1
1674	1
1681	1
1703	1
1724	1
1740	1
1769	1
1776	1
1803	1
1820	1
1821	1
1849	1
1869	1
1874	1
1892	1
1899	1
1917	1
1924	1
1976	1
1995	1
2025	1
2045	1
2121	1
2125	1
2138	1
2151	1
2208	1
2262	1
2272	1
