279221616
44342329
101301519
306097020
200355397
20982177
87886058
170109261
219019756
301261089
332201520
96440731
273804938
59887676
322876109
327143554
99663366
135480179
296691816
37962689
132018437
239082579
11548808
291678408
167255844
115847408
260518548
290928534
235427034
166775424
325269044
241397886
181728325
107491336
315413988
64425043
137667880
41501218
84465496
169573311
316264102
210788434
285436270
11923893
186587451
255992920
155538019
250515660
290487274
269983875
61937048
219195776
20076042
103829569
67214715
171016692
246616806
67702058
236306307
173299469
322320393
268720299
26907527
242783839
106904986
83668140
110433404
192512680
259802535
268378569
19863218
16235535
185893383
214743670
122665888
188035470
162289258
323350112
119132062
18507190
277213623
295512082
332123321
122667239
103626438
87384649
78245556
67468783
229111366
28629667
38775033
105543703
41249500
227351000
111069632
207130273
71724902
240685045
110469496
297318390
94772304
188900378
74932220
72549563
234582864
314182160
81034404
208988245
171732585
97339322
111444637
164435202
121139827
312520545
87421266
47095018
131060915
185751865
280831011
170735480
147522589
202741419
288837708
134755101
79983618
27461269
265120765
117947283
