386883670
820202948
46433414
98231527
262611220
976284636
677389747
1429586346
79050349
42962069
95579396
1459850154
725637905
215965714
802317752
1003280200
85346160
185904232
170367258
210467151
1099544954
156197999
293058076
347544931
623524617
1470317499
551313556
323409734
173853784
285584493
133991479
1297684949
1595177170
1513496857
98383213
284684607
957017780
561484431
203295019
562226276
292710483
467770996
499309529
551664836
1045205527
240766349
509392668
121018669
835103919
622616127
866727793
931935999
199429767
514920191
93948879
784423418
729090063
489600895
41788771
787963002
630417194
400247525
658378392
839177723
560185808
1412813907
42785455
714691947
625912315
307471121
66914287
525208645
471222086
168214431
190931609
998780860
61105622
549292069
1468123042
200053809
223442490
623247731
301062336
69099886
189656646
283113566
84268484
804335945
51868994
730474137
230570331
215441670
18353738
190031859
565233917
178250177
409801626
185527435
58686972
193311745
176081110
229384694
317595957
248127997
616830797
667908007
716654886
84983220
1144415710
337002097
173917745
244039975
260515903
1352547242
151870306
230214633
194630365
46263379
386779392
326968259
140567967
860987051
276811711
931316645
936058619
248410944
115330527
457427613
