63353373
281436047
94630323
153137670
45781118
137580049
271180313
81104080
456975158
355902097
109421354
123948769
61483973
99737590
112178189
213572365
139904944
195194997
39338458
153744257
152767863
225882679
842429931
222087119
237163063
348704162
370984762
44240791
176259802
149871890
82581382
334536148
572546746
187500773
291158292
163436965
980580639
335000154
563356925
959617107
309735954
31085513
533305028
304708008
195152455
848193721
277239717
315839692
30451839
562183327
298558300
654553600
218659470
329192583
73723814
298205696
114849099
418256173
56272484
160290576
318046469
96283510
27538061
585396133
64829443
70920105
190106715
706741607
644795513
567471899
57099526
147995372
996721288
166293626
736172553
63223508
181171869
321650264
501696070
892482306
610408699
792454905
920891729
924995550
627657496
74160645
283555608
93043919
234034129
676565745
478125153
95305641
304463225
463761738
78742107
97338549
747036272
1004885868
122436229
228982684
304520454
105988263
269306063
66642366
224877348
196003998
75955908
837419281
416668890
72300106
258720291
828992708
872821871
749830443
993875863
470475203
52085634
366968083
295214212
415750661
287784153
683715179
148949201
328689472
66526821
154258198
231635844
44744066
