279221616
44342329
101301519
306097020
200355397
20982177
87886058
170109261
219019756
301261089
332201520
96440731
273804938
59887676
322876109
327143554
99663366
135480179
296691816
37962689
132018437
239082579
11548808
291678408
167255844
115847408
260518548
290928534
235427034
166775424
325269044
241397886
181728325
107491336
315413988
64425043
137667880
41501218
84465496
169573311
316264102
210788434
285436270
11923893
186587451
255992920
155538019
250515660
290487274
269983875
61937048
219195776
20076042
103829569
67214715
171016692
246616806
67702058
236306307
173299469
322320393
268720299
26907527
242783839
