[INFO] Cantidad de iteraciones 1000000.
[INFO] Number of threads 2.
[INFO] === Initializing Billion GA ====================
[INFO] Problem size    : 33554432
[INFO] Population size : 1024
[INFO] Num. of vectors : 2
[INFO] Delta           : 1
[INFO] Prob. min. value: 1
[INFO] Prob. max. value: 1024
[INFO] Requesting a size 2 prob_vector_size CPU memory
[INFO] Requesting a size 2 samples CPU memory
[INFO] > Requesting CPU memory for sample 0 vectors array
[INFO] > Requesting CPU memory for sample 1 vectors array
[INFO] Requesting samples_fitness CPU memory (size: 2)
[INFO] === Solicitando memoria para el thread 0 =====
[INFO] > Requesting 16777216 bits GPU memory for prob_vector 0 (size: 16777216 / 64 Mb)
[INFO] Requesting a size 2 samples CPU memory
[INFO] > Requesting sample 0 GPU memory for vector 0 (size: 524288 / 2 Mb)
[INFO] > Requesting sample 1 GPU memory for vector 0 (size: 524288 / 2 Mb)
iter,f1,f2,avg f1 f2
0,0,0,0.0000,0.0000
[INFO] === Solicitando memoria para el thread 1 =====
[INFO] > Requesting 16777216 bits GPU memory for prob_vector 1 (size: 16777216 / 64 Mb)
[INFO] Requesting a size 2 samples CPU memory
[INFO] > Requesting sample 0 GPU memory for vector 1 (size: 524288 / 2 Mb)
[INFO] > Requesting sample 1 GPU memory for vector 1 (size: 524288 / 2 Mb)
iter,f1,f2,avg f1 f2
10000,16800104,16807183,16803644.0000,1640980.8750
20000,16833527,16836044,16834786.0000,1644022.1250
30000,16866573,16865615,16866094.0000,1647079.5000
40000,16891569,16890979,16891274.0000,1649538.5000
50000,16922288,16922754,16922520.0000,1652589.8750
60000,16948679,16947357,16948018.0000,1655079.8750
70000,16972859,16981941,16977400.0000,1657949.2500
80000,17005393,17006920,17006156.0000,1660757.3750
90000,17032435,17033140,17032788.0000,1663358.2500
100000,17057678,17061342,17059510.0000,1665967.7500
110000,17092156,17085284,17088720.0000,1668820.2500
120000,17116686,17121842,17119264.0000,1671803.1250
130000,17143138,17143863,17143500.0000,1674169.8750
140000,17170049,17175727,17172888.0000,1677039.8750
150000,17197469,17199616,17198542.0000,1679545.1250
160000,17224619,17223024,17223822.0000,1682013.8750
170000,17247523,17250925,17249224.0000,1684494.5000
180000,17282380,17278653,17280516.0000,1687550.3750
190000,17307305,17304642,17305974.0000,1690036.5000
200000,17331088,17334843,17332966.0000,1692672.5000
210000,17362025,17361261,17361644.0000,1695473.0000
220000,17385635,17387464,17386550.0000,1697905.2500
230000,17411244,17413303,17412274.0000,1700417.3750
240000,17443877,17442352,17443114.0000,1703429.1250
250000,17469873,17472814,17471344.0000,1706186.0000
260000,17499721,17495088,17497404.0000,1708730.8750
270000,17528217,17526473,17527344.0000,1711654.7500
280000,17557380,17559984,17558682.0000,1714715.0000
290000,17588153,17587614,17587884.0000,1717566.7500
300000,17611711,17616658,17614184.0000,1720135.1250
310000,17640729,17644642,17642686.0000,1722918.5000
320000,17671086,17673345,17672216.0000,1725802.3750
330000,17700268,17699495,17699882.0000,1728504.1250
340000,17732066,17725826,17728946.0000,1731342.3750
350000,17761113,17757753,17759432.0000,1734319.5000
360000,17786830,17788640,17787736.0000,1737083.6250
370000,17820913,17818987,17819950.0000,1740229.5000
380000,17846277,17848797,17847536.0000,1742923.5000
390000,17881563,17877255,17879408.0000,1746036.0000
400000,17908748,17905577,17907162.0000,1748746.2500
410000,17937937,17936480,17937208.0000,1751680.5000
420000,17966164,17970080,17968122.0000,1754699.3750
430000,17996730,17997429,17997080.0000,1757527.3750
440000,18027380,18031090,18029236.0000,1760667.6250
450000,18063239,18059028,18061134.0000,1763782.6250
460000,18089427,18092009,18090718.0000,1766671.6250
470000,18122456,18122588,18122522.0000,1769777.5000
480000,18150131,18151123,18150628.0000,1772522.2500
490000,18181325,18184661,18182992.0000,1775682.7500
500000,18213384,18211321,18212352.0000,1778550.0000
510000,18241605,18242892,18242248.0000,1781469.5000
520000,18272727,18272617,18272672.0000,1784440.6250
530000,18304262,18305759,18305010.0000,1787598.6250
540000,18338349,18338766,18338558.0000,1790874.7500
550000,18370663,18368015,18369340.0000,1793880.8750
560000,18397965,18398358,18398162.0000,1796695.5000
570000,18431348,18432086,18431716.0000,1799972.2500
580000,18459615,18458837,18459226.0000,1802658.7500
590000,18495060,18494018,18494540.0000,1806107.3750
600000,18521940,18520571,18521256.0000,1808716.3750
610000,18556741,18554758,18555750.0000,1812085.0000
620000,18586093,18587673,18586884.0000,1815125.3750
630000,18617816,18619799,18618808.0000,1818243.0000
640000,18650865,18648229,18649548.0000,1821244.8750
650000,18681290,18679823,18680556.0000,1824273.0000
660000,18710304,18710351,18710328.0000,1827180.5000
670000,18741445,18743057,18742252.0000,1830298.0000
680000,18772649,18775881,18774264.0000,1833424.2500
690000,18804135,18807308,18805722.0000,1836496.2500
700000,18836978,18837250,18837114.0000,1839561.8750
710000,18866912,18866265,18866588.0000,1842440.2500
720000,18896914,18900388,18898652.0000,1845571.5000
730000,18931375,18927066,18929220.0000,1848556.6250
740000,18959587,18960267,18959928.0000,1851555.5000
750000,18990572,18988798,18989684.0000,1854461.3750
760000,19020851,19024313,19022582.0000,1857674.0000
770000,19054851,19053290,19054070.0000,1860749.0000
780000,19087081,19086871,19086976.0000,1863962.5000
790000,19118025,19114974,19116500.0000,1866845.7500
800000,19147531,19147776,19147654.0000,1869888.1250
810000,19176590,19178315,19177452.0000,1872798.0000
820000,19207990,19210083,19209036.0000,1875882.3750
830000,19241533,19238641,19240088.0000,1878914.8750
840000,19268910,19269444,19269176.0000,1881755.5000
850000,19301515,19300997,19301256.0000,1884888.2500
860000,19332735,19333276,19333006.0000,1887988.8750
870000,19363947,19362010,19362978.0000,1890915.8750
880000,19392246,19392186,19392216.0000,1893771.1250
890000,19424071,19426492,19425282.0000,1897000.2500
900000,19454633,19454230,19454432.0000,1899846.8750
910000,19486557,19487108,19486832.0000,1903011.0000
920000,19516390,19515147,19515768.0000,1905836.7500
930000,19547114,19547214,19547164.0000,1908902.7500
940000,19577246,19576533,19576890.0000,1911805.6250
950000,19608354,19607089,19607722.0000,1914816.6250
960000,19638395,19640243,19639320.0000,1917902.3750
970000,19666217,19667085,19666652.0000,1920571.5000
980000,19700385,19700523,19700454.0000,1923872.5000
990000,19729542,19728539,19729040.0000,1926664.0000
>>>>
iter,avg. prob., abs. value,abs. improv.,gt 75,gt 50,lt 50,lt 25
1000000,58.8898,20234369125,8547834,9684113,7088499,5807580
