[INFO] Cantidad de iteraciones 3000000.
[INFO] Number of threads 2.
[INFO] === Initializing Billion GA ====================
[INFO] Problem size    : 33554432
[INFO] Population size : 1024
[INFO] Num. of vectors : 2
[INFO] Delta           : 1
[INFO] Prob. min. value: 1
[INFO] Prob. max. value: 1024
[INFO] Requesting a size 2 prob_vector_size CPU memory
[INFO] Requesting a size 2 samples CPU memory
[INFO] > Requesting CPU memory for sample 0 vectors array
[INFO] > Requesting CPU memory for sample 1 vectors array
[INFO] Requesting samples_fitness CPU memory (size: 2)
[INFO] === Solicitando memoria para el thread 0 =====
[INFO] > Requesting 16777216 bits GPU memory for prob_vector 0 (size: 16777216 / 64 Mb)
[INFO] Requesting a size 2 samples CPU memory
[INFO] > Requesting sample 0 GPU memory for vector 0 (size: 524288 / 2 Mb)
[INFO] > Requesting sample 1 GPU memory for vector 0 (size: 524288 / 2 Mb)
iter,f1,f2,avg f1 f2,time
0,0,0,0.0000,0.0000,7398.795942
[INFO] === Solicitando memoria para el thread 1 =====
[INFO] > Requesting 16777216 bits GPU memory for prob_vector 1 (size: 16777216 / 64 Mb)
[INFO] Requesting a size 2 samples CPU memory
[INFO] > Requesting sample 0 GPU memory for vector 1 (size: 524288 / 2 Mb)
[INFO] > Requesting sample 1 GPU memory for vector 1 (size: 524288 / 2 Mb)
iter,f1,f2,avg f1 f2,time
10000,8406271,8411145,8408708.0000,25.0599,171475.930704
20000,8429665,8431695,8430680.0000,25.1254,335494.739492
30000,8452945,8447988,8450466.0000,25.1844,499535.771583
40000,8474270,8469471,8471870.0000,25.2481,663603.305499
50000,8489934,8492310,8491122.0000,25.3055,827667.646533
60000,8510516,8513025,8511770.0000,25.3671,991684.994837
70000,8529351,8531728,8530540.0000,25.4230,1155739.315115
80000,8551716,8551572,8551644.0000,25.4859,1320051.148939
90000,8568847,8572426,8570636.0000,25.5425,1484632.574908
100000,8591276,8589100,8590188.0000,25.6008,1649208.856641
110000,8610029,8608627,8609328.0000,25.6578,1813817.558446
120000,8629583,8631176,8630380.0000,25.7205,1978444.657585
130000,8646784,8646067,8646426.0000,25.7684,2143148.920898
140000,8667139,8666997,8667068.0000,25.8299,2307845.052863
150000,8683506,8686678,8685092.0000,25.8836,2472447.874344
160000,8702208,8705238,8703723.0000,25.9391,2636806.526482
170000,8722291,8723738,8723014.0000,25.9966,2801201.692202
180000,8740028,8740388,8740208.0000,26.0478,2965617.751260
190000,8763823,8760237,8762030.0000,26.1129,3130015.937346
200000,8779509,8781502,8780506.0000,26.1679,3294382.502223
210000,8799010,8796807,8797908.0000,26.2198,3458762.821986
220000,8816407,8815935,8816171.0000,26.2742,3623829.143843
230000,8835471,8832302,8833886.0000,26.3270,3788226.610688
240000,8855192,8854594,8854893.0000,26.3896,3952621.130215
250000,8874765,8875541,8875153.0000,26.4500,4117025.058120
260000,8892037,8889194,8890616.0000,26.4961,4281392.237273
270000,8909782,8912682,8911232.0000,26.5575,4445784.869470
280000,8928631,8928468,8928550.0000,26.6092,4610185.981901
290000,8948321,8947347,8947834.0000,26.6666,4774563.199046
300000,8967275,8967849,8967562.0000,26.7254,4938945.479369
310000,8987710,8986151,8986930.0000,26.7831,5103314.098435
320000,9003124,9007140,9005132.0000,26.8374,5267666.793022
330000,9023529,9023129,9023329.0000,26.8916,5431995.762847
340000,9044850,9039633,9042242.0000,26.9480,5596329.619092
350000,9062998,9064962,9063980.0000,27.0128,5760684.135447
360000,9079168,9080699,9079934.0000,27.0603,5925064.130957
370000,9101364,9099476,9100420.0000,27.1214,6089444.275607
380000,9120214,9118304,9119259.0000,27.1775,6253824.132793
390000,9141449,9135252,9138350.0000,27.2344,6418211.701296
400000,9156506,9156548,9156527.0000,27.2886,6582614.963374
410000,9176200,9176564,9176382.0000,27.3477,6746956.959207
420000,9196634,9193892,9195263.0000,27.4040,6911294.404627
430000,9210532,9215436,9212984.0000,27.4568,7075608.132843
440000,9234899,9235308,9235104.0000,27.5228,7240573.227633
450000,9251430,9253015,9252222.0000,27.5738,7404885.038520
460000,9272362,9271753,9272058.0000,27.6329,7569172.556143
470000,9290280,9291602,9290941.0000,27.6892,7733457.968723
480000,9308387,9310167,9309277.0000,27.7438,7897753.358839
490000,9328337,9330312,9329324.0000,27.8036,8062075.975610
500000,9347005,9347884,9347444.0000,27.8576,8226376.607998
510000,9366062,9365704,9365883.0000,27.9125,8390696.205916
520000,9384984,9385780,9385382.0000,27.9706,8555023.631799
530000,9404936,9403234,9404085.0000,28.0264,8719363.228305
540000,9421278,9426046,9423662.0000,28.0847,8883693.908350
550000,9441308,9443759,9442534.0000,28.1409,9047983.046598
560000,9460431,9461069,9460750.0000,28.1952,9212275.614567
570000,9480524,9480418,9480471.0000,28.2540,9376568.062188
580000,9498153,9497417,9497785.0000,28.3056,9540871.746716
590000,9517026,9519561,9518294.0000,28.3667,9705159.122050
600000,9535948,9534891,9535420.0000,28.4178,9869476.561271
610000,9554178,9556119,9555148.0000,28.4766,10033811.661545
620000,9573360,9574529,9573944.0000,28.5326,10198145.328300
630000,9592016,9595054,9593535.0000,28.5910,10362482.011452
640000,9612923,9610788,9611856.0000,28.6456,10526805.682720
650000,9627918,9630258,9629088.0000,28.6969,10691092.757999
660000,9648723,9650861,9649792.0000,28.7586,10856077.031225
670000,9667925,9668386,9668156.0000,28.8134,11020383.654875
680000,9686102,9686454,9686278.0000,28.8674,11184674.933472
690000,9705075,9705571,9705323.0000,28.9241,11348958.481907
700000,9722900,9723371,9723136.0000,28.9772,11513242.247460
710000,9743238,9739621,9741430.0000,29.0317,11677530.957559
720000,9761610,9759660,9760635.0000,29.0890,11841818.571139
730000,9781124,9776813,9778968.0000,29.1436,12006111.074993
740000,9795648,9797291,9796470.0000,29.1958,12170403.274550
750000,9816307,9814735,9815521.0000,29.2525,12334723.836542
760000,9831962,9834663,9833312.0000,29.3056,12499050.574367
770000,9851010,9852116,9851563.0000,29.3599,12663372.978072
780000,9870937,9870001,9870469.0000,29.4163,12827698.699412
790000,9887319,9888362,9887840.0000,29.4681,12991989.278364
800000,9905257,9906555,9905906.0000,29.5219,13156325.602346
810000,9924452,9923654,9924053.0000,29.5760,13320663.887182
820000,9942467,9940709,9941588.0000,29.6282,13485001.321376
830000,9959297,9961011,9960154.0000,29.6836,13649340.081611
840000,9977538,9977564,9977551.0000,29.7354,13813681.117638
850000,9996009,9997333,9996671.0000,29.7924,13978023.927310
860000,10016566,10014346,10015456.0000,29.8484,14142360.843870
870000,10032400,10033541,10032970.0000,29.9006,14306665.945360
880000,10048964,10049724,10049344.0000,29.9494,14471653.528148
890000,10069859,10068860,10069360.0000,30.0090,14635996.521429
900000,10086489,10085365,10085927.0000,30.0584,14800286.232259
910000,10104531,10103223,10103877.0000,30.1119,14964583.360285
920000,10119776,10123176,10121476.0000,30.1643,15128929.749936
930000,10140248,10140078,10140163.0000,30.2200,15293244.291641
940000,10157479,10155950,10156714.0000,30.2694,15457551.599478
950000,10173452,10173006,10173229.0000,30.3186,15621847.323747
960000,10192627,10190885,10191756.0000,30.3738,15786186.494719
970000,10208128,10208231,10208180.0000,30.4227,15950511.088465
980000,10226190,10226946,10226568.0000,30.4775,16114809.654471
990000,10244528,10245185,10244856.0000,30.5321,16279148.875006
1000000,10263863,10262911,10263387.0000,30.5873,16443486.767901
1010000,10278638,10279312,10278975.0000,30.6337,16607788.687436
1020000,10298570,10296721,10297646.0000,30.6894,16772127.331285
1030000,10314714,10313785,10314250.0000,30.7389,16936448.760453
1040000,10331155,10329954,10330554.0000,30.7875,17100762.093910
1050000,10348809,10348221,10348515.0000,30.8410,17265101.296090
1060000,10365763,10364075,10364919.0000,30.8899,17429439.102467
1070000,10384164,10382886,10383525.0000,30.9453,17593779.991698
1080000,10398576,10399568,10399072.0000,30.9916,17758117.687336
1090000,10416558,10416246,10416402.0000,31.0433,17922456.322728
1100000,10432974,10434946,10433960.0000,31.0956,18087436.616289
1110000,10452875,10451434,10452154.0000,31.1498,18251764.479898
1120000,10467493,10467821,10467657.0000,31.1960,18416086.336900
1130000,10484827,10485994,10485410.0000,31.2490,18580409.343426
1140000,10500712,10501414,10501063.0000,31.2956,18744730.461762
1150000,10516934,10517442,10517188.0000,31.3437,18909050.765989
1160000,10536106,10534077,10535092.0000,31.3970,19073381.850349
1170000,10551384,10550835,10551110.0000,31.4448,19237701.016729
1180000,10569676,10568254,10568965.0000,31.4980,19402007.893430
1190000,10584978,10583738,10584358.0000,31.5438,19566313.812921
1200000,10600698,10600142,10600420.0000,31.5917,19730617.636496
1210000,10617792,10618069,10617930.0000,31.6439,19894924.432686
1220000,10634655,10632699,10633677.0000,31.6908,20059231.964105
1230000,10650613,10650532,10650572.0000,31.7412,20223533.994273
1240000,10667707,10666827,10667267.0000,31.7909,20387838.359967
1250000,10685002,10683284,10684143.0000,31.8412,20552146.346212
1260000,10700573,10698152,10699362.0000,31.8866,20716454.864856
1270000,10715921,10716209,10716065.0000,31.9364,20880758.200195
1280000,10732022,10732719,10732370.0000,31.9850,21045063.231104
1290000,10750002,10747958,10748980.0000,32.0345,21209369.584862
1300000,10764984,10765373,10765178.0000,32.0827,21373676.419770
1310000,10779918,10781058,10780488.0000,32.1284,21537983.108704
1320000,10795890,10797100,10796495.0000,32.1761,21702938.264309
1330000,10813978,10813165,10813572.0000,32.2270,21867243.541161
1340000,10830520,10829344,10829932.0000,32.2757,22031550.333178
1350000,10846117,10845843,10845980.0000,32.3235,22195855.829545
1360000,10860600,10860445,10860522.0000,32.3669,22360163.766715
1370000,10878633,10876721,10877677.0000,32.4180,22524469.987947
1380000,10894404,10893710,10894057.0000,32.4668,22688778.724797
1390000,10908992,10908684,10908838.0000,32.5109,22853082.811757
1400000,10925581,10924351,10924966.0000,32.5589,23017391.288940
1410000,10941676,10941181,10941428.0000,32.6080,23181700.479749
1420000,10956601,10957493,10957047.0000,32.6545,23346006.135047
1430000,10972932,10971830,10972381.0000,32.7002,23510311.659354
1440000,10987960,10987291,10987626.0000,32.7457,23674619.693594
1450000,11003136,11003247,11003192.0000,32.7921,23838926.430894
1460000,11020452,11020269,11020360.0000,32.8432,24003235.488455
1470000,11035004,11034876,11034940.0000,32.8867,24167541.486251
1480000,11050562,11051328,11050945.0000,32.9344,24331845.377283
1490000,11066441,11065491,11065966.0000,32.9791,24496152.381016
1500000,11082270,11082506,11082388.0000,33.0281,24660459.115675
1510000,11096215,11098067,11097141.0000,33.0721,24824762.769041
1520000,11111397,11112784,11112090.0000,33.1166,24989068.980010
1530000,11128270,11128036,11128153.0000,33.1645,25153376.399569
1540000,11143200,11143891,11143546.0000,33.2104,25316992.807165
1550000,11158601,11158085,11158343.0000,33.2545,25479514.433572
1560000,11173603,11174108,11173856.0000,33.3007,25642039.840437
1570000,11188887,11189765,11189326.0000,33.3468,25804560.012511
1580000,11204718,11204544,11204631.0000,33.3924,25967082.747370
1590000,11222238,11218552,11220395.0000,33.4394,26129607.038757
1600000,11235154,11235003,11235078.0000,33.4831,26292128.567048
1610000,11249377,11249284,11249330.0000,33.5256,26454651.028236
1620000,11265344,11264349,11264846.0000,33.5719,26617172.240760
1630000,11278741,11279900,11279320.0000,33.6150,26779691.216912
1640000,11293914,11294273,11294094.0000,33.6590,26942214.974493
1650000,11310084,11310051,11310068.0000,33.7066,27104737.333359
1660000,11325655,11325098,11325376.0000,33.7523,27267260.411862
1670000,11339154,11339826,11339490.0000,33.7943,27429783.903144
1680000,11354883,11355652,11355268.0000,33.8413,27592308.385364
1690000,11368340,11369087,11368714.0000,33.8814,27754826.889115
1700000,11383459,11385420,11384440.0000,33.9283,27917348.974405
1710000,11399208,11397843,11398526.0000,33.9703,28079875.488969
1720000,11412939,11413887,11413413.0000,34.0146,28242397.132514
1730000,11429062,11429739,11429400.0000,34.0623,28404920.657667
1740000,11443723,11443347,11443535.0000,34.1044,28567443.594477
1750000,11458078,11456801,11457440.0000,34.1458,28729964.055699
1760000,11473166,11471263,11472214.0000,34.1899,28893136.464276
1770000,11487828,11486876,11487352.0000,34.2350,29055662.423788
1780000,11502196,11501026,11501611.0000,34.2775,29218185.151809
1790000,11516530,11515205,11515868.0000,34.3200,29380705.207534
1800000,11529445,11529676,11529560.0000,34.3608,29543229.476790
1810000,11545768,11545176,11545472.0000,34.4082,29705753.016925
1820000,11558044,11558824,11558434.0000,34.4468,29868273.887960
1830000,11574166,11573695,11573930.0000,34.4930,30030798.517484
1840000,11586640,11587287,11586964.0000,34.5318,30193306.979760
1850000,11602521,11602709,11602615.0000,34.5785,30355777.093939
1860000,11617262,11616832,11617047.0000,34.6215,30518244.726236
1870000,11630840,11631010,11630925.0000,34.6629,30680709.948285
1880000,11645511,11644749,11645130.0000,34.7052,30843175.080435
1890000,11660529,11658476,11659502.0000,34.7480,31005647.741343
1900000,11673297,11674342,11673820.0000,34.7907,31168116.675283
1910000,11687554,11687603,11687578.0000,34.8317,31330586.007497
1920000,11700871,11701678,11701274.0000,34.8725,31493055.063418
1930000,11715172,11716211,11715692.0000,34.9155,31655525.369116
1940000,11729229,11727427,11728328.0000,34.9531,31817996.762574
1950000,11742388,11743232,11742810.0000,34.9963,31980462.727544
1960000,11757527,11757839,11757683.0000,35.0406,32142930.446607
1970000,11771311,11771414,11771362.0000,35.0814,32305397.740936
1980000,11785917,11785280,11785598.0000,35.1238,32468512.462313
1990000,11798783,11799560,11799172.0000,35.1643,32630980.048476
2000000,11814262,11812479,11813370.0000,35.2066,32793450.811531
2010000,11826988,11827266,11827127.0000,35.2476,32955916.277848
2020000,11840917,11841204,11841060.0000,35.2891,33118384.277740
2030000,11855008,11855052,11855030.0000,35.3307,33280851.718988
2040000,11869414,11867882,11868648.0000,35.3713,33443320.813456
2050000,11882330,11883431,11882880.0000,35.4137,33605787.326770
2060000,11896492,11897814,11897153.0000,35.4563,33768254.251747
2070000,11910798,11910814,11910806.0000,35.4970,33930722.139834
2080000,11923124,11923798,11923461.0000,35.5347,34093186.976696
2090000,11936698,11936765,11936732.0000,35.5742,34255654.777267
2100000,11950795,11950190,11950492.0000,35.6152,34418120.684272
2110000,11965868,11963533,11964700.0000,35.6576,34580589.884864
2120000,11977657,11977533,11977595.0000,35.6960,34743054.675409
2130000,11991292,11991451,11991372.0000,35.7371,34905523.132653
2140000,12004814,12005094,12004954.0000,35.7775,35067990.248844
2150000,12019354,12018170,12018762.0000,35.8187,35230461.271322
2160000,12032428,12030645,12031536.0000,35.8568,35392929.202697
2170000,12045153,12044753,12044953.0000,35.8968,35555398.081389
2180000,12058064,12059443,12058754.0000,35.9379,35717864.920554
2190000,12072062,12071592,12071827.0000,35.9768,35880332.677030
2200000,12084443,12084220,12084332.0000,36.0141,36043446.539287
2210000,12097715,12097209,12097462.0000,36.0532,36205916.433427
2220000,12111600,12111332,12111466.0000,36.0950,36368383.615570
2230000,12124076,12123963,12124020.0000,36.1324,36530852.422003
2240000,12137781,12137974,12137878.0000,36.1737,36693314.413274
2250000,12150386,12150963,12150674.0000,36.2118,36855781.480636
2260000,12165075,12163378,12164226.0000,36.2522,37018246.003319
2270000,12177580,12176161,12176870.0000,36.2899,37180710.718985
2280000,12189409,12189947,12189678.0000,36.3281,37343178.047440
2290000,12203402,12203096,12203249.0000,36.3685,37505647.175726
2300000,12217831,12216389,12217110.0000,36.4098,37668116.280208
2310000,12229471,12229199,12229335.0000,36.4463,37830587.220924
2320000,12241058,12242848,12241953.0000,36.4839,37993054.426563
2330000,12254834,12255140,12254987.0000,36.5227,38155522.347283
2340000,12267225,12267933,12267579.0000,36.5602,38318042.053260
2350000,12281794,12281435,12281614.0000,36.6021,38480564.768218
2360000,12293521,12292363,12292942.0000,36.6358,38643085.475258
2370000,12305560,12306403,12305982.0000,36.6747,38805613.430597
2380000,12319019,12319606,12319312.0000,36.7144,38968136.161072
2390000,12332207,12331853,12332030.0000,36.7523,39130661.946520
2400000,12344401,12344150,12344276.0000,36.7888,39293184.002243
2410000,12356639,12356211,12356425.0000,36.8250,39455708.975515
2420000,12368942,12369786,12369364.0000,36.8636,39618879.618549
2430000,12382724,12381750,12382237.0000,36.9019,39781399.726572
2440000,12395139,12393912,12394526.0000,36.9386,39943921.369939
2450000,12407030,12407893,12407462.0000,36.9771,40106443.452186
2460000,12420809,12420985,12420897.0000,37.0172,40268970.886197
2470000,12432575,12432572,12432574.0000,37.0520,40431493.498892
2480000,12444833,12445107,12444970.0000,37.0889,40594015.983462
2490000,12458264,12457863,12458064.0000,37.1279,40756536.365731
2500000,12469276,12470336,12469806.0000,37.1629,40919060.360055
2510000,12482703,12483017,12482860.0000,37.2018,41081584.498709
2520000,12494176,12495150,12494663.0000,37.2370,41244101.943841
2530000,12507113,12508355,12507734.0000,37.2760,41406621.755276
2540000,12521250,12518636,12519943.0000,37.3123,41569146.346229
2550000,12532066,12531885,12531976.0000,37.3482,41731669.426776
2560000,12544246,12542795,12543520.0000,37.3826,41894193.384370
2570000,12555726,12556712,12556219.0000,37.4204,42056715.936139
2580000,12568838,12569918,12569378.0000,37.4597,42219237.538123
2590000,12580314,12580743,12580528.0000,37.4929,42381761.232297
2600000,12592524,12593045,12592784.0000,37.5294,42544283.246245
2610000,12604852,12604888,12604870.0000,37.5654,42706804.566260
2620000,12617414,12616732,12617073.0000,37.6018,42869329.720022
2630000,12628816,12629397,12629106.0000,37.6377,43031850.470312
2640000,12642000,12642032,12642016.0000,37.6761,43194369.217960
2650000,12653967,12654111,12654039.0000,37.7120,43357537.523268
2660000,12665062,12664504,12664783.0000,37.7440,43520059.450122
2670000,12676586,12677060,12676823.0000,37.7799,43682579.306804
2680000,12689677,12690186,12689932.0000,37.8189,43845096.244645
2690000,12700461,12700285,12700373.0000,37.8501,44007614.775380
2700000,12713277,12712645,12712961.0000,37.8876,44170138.780528
2710000,12723804,12724768,12724286.0000,37.9213,44332658.818546
2720000,12735822,12736728,12736275.0000,37.9571,44495177.467100
2730000,12747893,12748219,12748056.0000,37.9922,44657691.813106
2740000,12760335,12760518,12760426.0000,38.0290,44820192.995587
2750000,12772007,12772100,12772054.0000,38.0637,44982657.906401
2760000,12784636,12785259,12784948.0000,38.1021,45145127.418516
2770000,12795517,12794955,12795236.0000,38.1328,45307600.139483
2780000,12806854,12807766,12807310.0000,38.1688,45470068.896989
2790000,12818072,12818929,12818500.0000,38.2021,45632533.064786
2800000,12830902,12831250,12831076.0000,38.2396,45795000.166769
2810000,12841277,12842849,12842063.0000,38.2723,45957465.664689
2820000,12852727,12853139,12852933.0000,38.3047,46119931.486619
2830000,12864596,12865423,12865010.0000,38.3407,46282403.389311
2840000,12876567,12876336,12876452.0000,38.3748,46444875.139277
2850000,12887825,12887979,12887902.0000,38.4089,46607341.968337
2860000,12899646,12899095,12899370.0000,38.4431,46769809.931027
2870000,12910828,12911607,12911218.0000,38.4784,46932932.448040
2880000,12922396,12922713,12922554.0000,38.5122,47095447.372899
2890000,12934392,12934498,12934445.0000,38.5476,47257971.883255
2900000,12945104,12946584,12945844.0000,38.5816,47420492.557902
2910000,12957027,12955560,12956294.0000,38.6128,47583017.204999
2920000,12968448,12967627,12968038.0000,38.6478,47745543.616892
2930000,12979736,12980809,12980272.0000,38.6842,47908064.731376
2940000,12990162,12990876,12990519.0000,38.7148,48070586.495743
2950000,13001569,13002404,13001986.0000,38.7489,48233107.025755
2960000,13012573,13013272,13012922.0000,38.7815,48395625.489611
2970000,13023784,13024765,13024274.0000,38.8154,48558147.742046
2980000,13034974,13035503,13035238.0000,38.8480,48720669.446060
2990000,13046426,13046108,13046267.0000,38.8809,48883189.510505
>>>>
iter,avg. prob., abs. value,abs. improv.,gt 75,gt 50,lt 50,lt 25
3000000,77.8265,26740972175,12513901,12907849,3867674,3339704
