6.261	5.171	4.936	5.292	5.484	5.063	5.075	5.282	5.356	4.828	5.291	5.117	5.169	5.037	5.193	5.808	4.944	6.322	5.066	5.404
5.371	5.143	4.888	5.185	5.356	5.031	5.013	5.228	5.420	6.920	5.333	5.087	5.154	4.999	5.123	5.749	4.907	6.319	5.015	5.338
5.367	5.163	4.882	5.173	5.337	5.026	5.017	5.258	5.437	7.728	5.349	5.077	5.158	4.994	5.131	7.854	4.897	5.871	5.026	5.385
5.354	5.140	4.887	5.201	5.342	5.016	5.054	5.246	5.401	9.968	5.307	5.143	5.094	4.991	5.142	6.032	4.893	6.969	5.025	5.313
5.557	5.170	4.889	5.195	5.376	5.038	5.036	5.199	5.420	7.464	5.330	5.102	5.161	4.996	5.127	5.852	4.913	6.186	5.044	5.401
5.463	5.101	4.878	5.130	5.383	5.020	5.033	5.197	5.351	10.352	5.261	5.134	5.152	4.999	5.186	5.722	4.902	6.132	5.041	5.378
5.392	5.138	4.869	5.234	5.347	5.043	5.022	5.224	5.393	5.472	5.376	5.075	5.133	4.995	5.165	5.994	4.905	6.556	5.032	5.356
5.406	5.135	4.890	5.225	5.311	5.052	5.046	5.194	5.511	6.458	5.329	5.131	5.165	4.991	5.137	5.850	4.910	6.279	5.026	5.398
5.765	5.168	4.893	5.173	5.443	5.057	5.046	5.204	5.269	4.848	5.305	5.122	5.126	5.016	5.156	5.638	4.914	6.739	5.021	5.285
5.518	5.151	4.885	5.215	5.598	5.018	5.034	5.249	5.448	16.054	5.298	5.117	5.167	5.021	5.178	5.525	4.911	5.719	5.049	5.378
5.397	5.132	4.877	5.209	5.347	5.033	5.016	5.219	5.349	4.909	5.261	5.131	5.165	5.011	5.133	7.187	4.909	6.053	5.015	5.344
5.406	5.144	4.869	5.216	5.318	5.023	5.011	5.286	5.310	4.740	5.348	5.173	5.162	4.969	5.155	5.572	4.884	7.045	5.004	5.280
5.566	5.147	4.902	5.173	5.391	5.036	5.086	5.233	5.344	8.086	5.278	5.089	5.146	5.016	5.166	5.897	4.922	6.154	5.038	5.304
5.477	5.107	4.901	5.252	5.450	5.063	5.030	5.245	5.380	5.542	5.404	5.103	5.203	5.012	5.129	5.971	4.897	5.926	5.010	5.383
5.403	5.165	4.880	5.175	5.270	5.049	5.026	5.202	5.286	5.443	5.305	5.128	5.173	4.977	5.142	5.742	4.906	6.206	5.053	5.390
5.602	5.205	4.889	5.216	5.401	5.060	5.074	5.160	5.422	16.630	5.393	5.103	5.159	5.009	5.202	5.654	5.003	6.888	5.041	5.336
5.575	5.128	4.902	5.217	5.353	5.067	5.021	5.208	5.473	5.407	5.388	5.077	5.150	5.021	5.179	5.695	4.896	6.593	5.022	5.365
5.437	5.132	4.887	5.294	5.368	5.110	5.040	5.221	5.378	9.869	5.402	5.113	5.172	5.014	5.119	5.959	4.902	6.258	5.025	5.389
5.438	5.156	4.933	5.217	5.442	5.036	5.047	5.181	5.312	5.416	5.391	5.103	5.157	5.005	5.176	6.329	4.918	6.032	5.056	5.415
5.458	5.153	4.885	5.237	5.443	5.056	5.047	5.238	5.329	7.627	5.315	5.108	5.164	5.000	5.169	5.876	4.904	6.367	5.042	5.365
5.509	5.151	4.884	5.168	5.512	5.045	5.033	5.202	5.353	6.580	5.324	5.125	5.141	5.035	5.197	5.664	4.926	7.197	5.041	5.275
5.439	5.169	4.892	5.163	5.425	5.025	5.025	5.292	5.461	5.172	5.395	5.122	5.130	5.037	5.225	5.962	4.902	10.774	5.038	5.279
5.524	5.131	4.960	5.190	5.290	5.136	5.013	5.218	5.418	6.692	5.249	5.078	5.171	5.010	5.220	6.043	4.882	7.079	5.023	5.308
5.446	5.146	4.862	5.118	5.371	5.008	5.015	5.165	5.268	6.053	5.321	5.071	5.160	4.989	5.124	5.817	4.899	6.137	5.020	5.419
5.382	5.135	4.874	5.119	5.463	5.108	5.030	5.172	5.314	6.924	5.347	5.108	5.112	4.977	5.118	5.865	4.891	6.190	5.015	5.264
5.608	5.146	4.909	5.210	5.271	5.030	5.011	5.274	5.316	10.972	5.367	5.105	5.153	4.999	5.125	5.696	4.896	6.521	5.036	5.262
5.464	5.129	4.875	5.116	5.413	5.036	5.023	5.232	5.362	6.951	5.388	5.128	5.230	4.968	5.160	6.278	4.899	6.098	5.020	5.328
5.478	5.151	4.876	5.170	5.353	4.998	4.999	5.191	5.330	8.111	5.299	5.092	5.151	5.001	5.156	5.993	4.889	5.934	5.031	5.413
5.493	5.186	4.896	5.181	5.364	5.051	5.051	5.195	5.390	7.157	5.219	5.067	5.149	4.974	5.169	5.900	4.894	6.060	5.085	5.254
5.479	5.148	4.873	5.190	5.317	5.058	5.026	5.224	5.320	11.343	5.331	5.107	5.149	4.977	5.131	5.884	4.902	6.064	5.013	5.426
