102	1
104	1
115	1
121	1
195	1
212	1
219	1
232	1
251	1
262	1
277	1
284	1
352	1
362	1
368	1
390	1
413	1
421	1
425	1
474	1
544	1
567	1
577	1
584	1
604	1
630	1
638	1
646	1
678	1
686	1
722	1
746	1
752	1
770	1
777	1
808	1
855	1
887	1
892	1
915	1
928	1
936	1
939	1
962	1
966	1
975	1
990	1
993	1
994	1
1030	1
1051	1
1056	1
1064	1
1098	1
1105	1
1112	1
1120	1
1131	1
1142	1
1158	1
1188	1
1198	1
1200	1
1255	1
1290	1
1305	1
1361	1
1369	1
1402	1
1407	1
1418	1
1447	1
1471	1
1475	1
1476	1
1551	1
1596	1
1620	1
1631	1
1632	1
1633	1
1721	1
1732	1
1742	1
1777	1
1786	1
1790	1
1792	1
1869	1
1900	1
1942	1
2027	1
2032	1
2042	1
2044	1
2062	1
2139	1
2148	1
2150	1
2168	1
2171	1
2173	1
2265	1
2274	1
2281	1
2292	1
2313	1
2343	1
2349	1
2400	1
2424	1
2425	1
2462	1
2472	1
2478	1
2490	1
2501	1
2524	1
2559	1
2600	1
2637	1
2722	1
2758	1
2812	1
2943	2
2973	1
2980	1
