11	1
29	1
41	1
48	1
54	1
76	1
89	1
92	1
109	1
122	1
157	1
160	1
259	1
288	1
302	1
367	1
403	1
410	1
438	1
450	2
515	1
517	1
518	1
523	1
565	1
598	1
610	1
614	1
663	1
686	1
691	1
702	2
703	1
712	1
715	1
733	1
736	1
739	1
761	1
786	1
812	1
815	1
845	1
851	1
853	1
901	1
904	1
923	1
939	1
940	1
945	1
972	1
977	1
982	1
990	1
1021	1
1024	1
1038	2
1068	1
1177	1
1205	1
1211	1
1252	1
1258	1
1286	1
1320	1
1342	1
1464	1
1472	1
1485	1
1512	1
1558	1
1571	2
1572	1
1583	1
1586	1
1588	1
1614	1
1625	1
1630	1
1638	1
1644	1
1668	2
1703	1
1723	1
1731	1
1757	1
1795	1
1799	1
1815	1
1823	1
1844	1
1882	1
1888	1
1890	1
1929	2
1936	1
1976	1
2006	1
2044	1
2049	1
2068	1
2114	1
2135	1
2148	1
2151	1
2158	1
2172	1
2178	1
2179	1
2203	1
2216	1
2226	1
2232	1
2250	1
2258	1
2266	1
2288	1
2317	1
2326	1
2333	1
2370	1
