33	1
56	1
104	1
113	1
168	1
169	1
174	1
182	1
189	1
190	1
203	1
210	2
252	1
304	1
444	1
462	1
471	1
473	1
483	1
523	1
524	1
546	1
550	1
574	1
591	1
639	1
657	1
702	1
757	1
759	1
765	1
777	1
780	1
814	1
815	1
829	1
862	1
879	1
909	1
940	1
954	1
955	1
958	1
972	1
997	1
1012	1
1019	1
1038	1
1040	1
1059	1
1064	1
1089	1
1119	1
1134	1
1145	1
1149	1
1155	1
1182	1
1202	1
1207	1
1269	1
1274	1
1318	1
1331	1
1364	1
1365	1
1389	1
1403	1
1404	1
1419	1
1438	1
1467	1
1468	2
1479	1
1541	1
1625	1
1627	1
1693	1
1728	1
1743	1
1750	1
1783	1
1819	1
1848	1
1858	1
1866	1
1875	1
1916	1
1920	1
1932	1
1944	2
1972	1
1983	1
2025	1
2045	1
2051	1
2096	1
2139	1
2172	1
2225	1
2234	1
2387	1
2393	1
2404	1
2480	1
2546	1
2620	1
2630	1
2652	1
2666	1
2688	1
2699	1
2738	1
2742	1
2754	1
2779	1
2784	2
2786	1
2815	1
2840	1
2882	1
2923	1
2941	1
2973	1
