12	1
16	1
43	1
85	1
95	1
99	1
199	1
208	1
230	1
267	1
288	1
292	1
321	1
327	1
346	1
401	1
405	1
455	1
456	1
476	1
524	1
537	1
562	1
592	1
605	1
613	2
639	1
703	1
718	1
751	1
796	1
824	1
854	1
870	1
872	1
905	1
932	1
962	1
976	1
979	1
997	1
1030	1
1035	1
1036	1
1048	1
1078	1
1080	1
1138	1
1145	1
1154	1
1168	1
1177	1
1196	1
1197	1
1210	1
1250	1
1279	1
1326	1
1335	1
1369	1
1370	1
1428	1
1458	1
1510	1
1513	1
1534	1
1542	2
1570	1
1587	1
1606	1
1609	1
1614	1
1625	1
1691	1
1694	1
1719	1
1734	2
1747	1
1748	1
1811	1
1823	1
1863	1
1866	1
1871	1
1903	1
1913	1
1943	1
1952	1
2015	1
2025	1
2047	1
2058	1
2077	1
2090	1
2115	1
2133	1
2150	1
2182	1
2296	1
2345	1
2350	1
2358	1
2387	1
2410	1
2426	1
2437	1
2442	1
2460	1
2465	1
2520	1
2529	1
2576	1
2599	2
2627	1
2633	1
2636	1
2637	1
2640	1
2667	1
2679	1
2685	1
2692	1
2705	1
2709	1
