57	1
61	1
83	1
84	1
159	1
163	1
164	1
181	1
185	1
264	1
285	1
286	1
307	1
328	1
355	1
382	1
386	1
414	1
464	1
486	1
491	1
531	1
538	2
549	1
578	1
582	1
601	1
621	1
681	1
683	1
692	1
701	1
718	1
723	1
735	1
760	1
768	1
778	1
781	1
816	1
841	1
861	1
878	1
921	1
936	1
953	1
963	1
965	1
1019	1
1028	1
1051	1
1055	1
1076	1
1097	1
1102	1
1115	1
1155	1
1172	1
1176	1
1188	1
1192	1
1193	2
1228	1
1233	1
1235	1
1275	1
1290	1
1298	1
1319	1
1327	1
1338	1
1364	1
1380	1
1406	1
1574	1
1616	1
1617	1
1624	1
1635	1
1669	1
1733	2
1738	1
1741	1
1744	1
1745	2
1772	1
1797	1
1841	2
1855	1
1872	1
1889	1
1912	1
1918	2
1925	1
1930	1
1940	1
1948	1
1953	1
1978	1
1990	1
2035	1
2050	1
2069	1
2083	1
2099	1
2127	1
2141	1
2160	1
2163	1
2195	1
2200	1
2223	1
2266	1
2278	1
2279	1
2288	1
2294	1
2308	1
2343	1
2358	1
2361	1
2395	1
