8	1
12	1
21	1
37	1
48	1
105	1
113	1
185	1
208	1
209	1
248	1
266	1
281	1
334	1
379	1
395	1
396	1
416	1
514	1
517	1
534	1
559	1
601	1
641	1
655	1
663	1
675	1
699	1
790	1
839	1
856	1
870	1
880	1
882	1
901	1
902	1
952	1
964	1
986	1
994	1
1004	1
1005	1
1072	1
1084	1
1089	1
1112	1
1153	1
1163	1
1179	1
1190	1
1210	1
1227	1
1377	1
1384	1
1426	1
1433	1
1453	1
1541	1
1558	1
1576	1
1625	1
1628	1
1639	1
1667	1
1738	1
1739	1
1743	1
1750	1
1758	1
1777	1
1780	1
1782	1
1784	1
1796	1
1799	1
1810	1
1813	1
1839	1
1842	1
1845	1
1847	1
1850	1
1926	1
1943	1
1948	1
1975	1
1976	1
2025	1
2053	1
2073	1
2082	1
2093	1
2103	1
2136	1
2154	1
2189	1
2204	1
2260	1
2334	1
2335	1
2337	1
2367	1
2401	1
2419	1
2487	1
2500	1
2507	1
2525	1
2531	1
2566	1
2575	1
2597	1
2601	1
2603	1
2604	1
2631	1
2638	1
2672	1
2674	1
2678	1
2786	1
2813	1
2814	1
2839	1
2882	1
2892	2
2903	1
