37	1
43	1
48	1
85	1
88	1
105	1
114	1
130	1
160	1
162	1
217	1
287	1
323	1
340	1
368	1
372	1
399	2
408	2
429	1
431	1
472	1
488	1
521	1
565	1
568	1
626	1
728	1
749	1
765	1
778	1
805	2
878	1
898	1
900	1
925	1
931	1
937	1
979	1
998	1
1017	1
1033	1
1046	1
1057	1
1151	1
1175	1
1224	1
1279	1
1308	1
1325	1
1353	1
1375	1
1385	1
1391	1
1415	1
1417	1
1420	1
1426	1
1445	1
1466	1
1468	1
1534	1
1536	1
1557	1
1561	1
1595	1
1616	1
1628	1
1646	1
1710	1
1724	1
1770	1
1802	1
1834	1
1848	1
1857	2
1869	1
1880	1
1885	1
1895	1
1897	1
1923	1
1945	1
1952	1
1994	1
2004	1
2012	1
2033	1
2035	1
2058	1
2069	1
2078	1
2079	1
2151	1
2235	1
2242	1
2244	1
2251	1
2263	1
2289	1
2320	1
2354	1
2363	1
2390	1
2421	1
2441	1
2463	1
2472	1
2494	1
2500	1
2519	1
2520	1
2526	1
2528	1
2548	1
2556	1
2591	1
2612	1
2620	1
2654	1
2659	1
2684	1
2687	1
2710	1
2713	1
