5	1
28	1
38	1
84	1
106	1
171	1
213	1
216	1
218	1
304	1
407	1
451	1
457	1
458	1
479	1
499	1
510	1
552	1
553	1
568	1
577	1
580	1
608	1
615	1
628	1
663	1
718	1
720	1
721	1
739	1
759	1
781	1
782	1
784	1
819	1
835	1
910	1
946	1
960	1
966	1
991	1
996	1
1041	1
1054	1
1071	1
1102	1
1151	1
1158	1
1159	1
1188	1
1249	1
1275	1
1304	1
1368	1
1390	1
1444	1
1460	1
1476	1
1480	1
1515	1
1532	1
1558	1
1600	1
1613	1
1625	1
1649	1
1655	1
1671	2
1674	1
1688	1
1700	1
1704	1
1726	1
1788	1
1807	1
1850	1
1857	1
1905	1
1927	1
1946	1
1960	1
2013	1
2015	1
2023	1
2031	1
2051	1
2072	1
2082	1
2131	1
2137	1
2138	1
2141	1
2149	1
2182	1
2223	1
2226	1
2228	1
2253	1
2255	2
2260	1
2284	1
2287	1
2296	1
2302	2
2316	1
2324	1
2369	1
2371	1
2390	1
2400	1
2424	1
2428	1
2433	1
2435	1
2442	1
2507	1
2508	1
2547	1
2584	2
2585	1
2601	1
2602	1
2627	1
2651	1
