5	1
37	1
61	1
96	1
100	1
139	1
155	1
169	1
221	1
237	1
272	1
295	1
307	1
314	1
317	1
322	1
325	1
373	1
397	1
413	1
541	1
560	1
573	1
603	1
619	1
639	1
644	1
650	1
673	1
674	1
703	1
707	1
717	1
724	1
757	1
778	1
806	1
851	1
900	1
907	1
919	1
920	1
937	1
943	1
963	1
987	1
988	2
1012	1
1087	1
1099	1
1101	1
1116	1
1117	2
1118	1
1129	1
1130	1
1132	1
1145	1
1166	1
1201	1
1240	1
1254	1
1261	1
1303	1
1314	1
1327	1
1345	1
1400	1
1404	1
1411	1
1413	2
1422	1
1437	1
1450	1
1526	1
1540	1
1546	1
1558	1
1561	1
1580	1
1609	1
1610	1
1619	1
1626	1
1642	1
1690	1
1705	1
1713	1
1726	1
1759	1
1807	1
1814	1
1836	1
1872	1
1876	1
1915	1
1936	1
2008	1
2024	1
2029	1
2096	2
2098	1
2101	1
2111	1
2114	1
2124	1
2137	1
2200	1
2236	1
2265	1
2299	1
2311	1
2315	1
2368	1
2392	1
2408	1
2477	1
2484	1
2499	1
2519	1
2539	1
2542	1
2558	1
2561	1
