6	1
30	1
40	1
59	1
79	1
81	1
119	1
146	1
198	1
202	1
207	1
230	1
255	1
295	1
348	1
349	1
355	1
401	1
420	1
426	1
460	1
461	1
473	1
501	1
504	1
513	1
519	1
520	1
521	1
523	1
545	1
553	1
555	1
578	1
585	1
602	1
603	1
610	1
652	1
665	1
679	1
682	1
705	1
716	1
757	1
765	1
795	1
859	1
942	1
980	1
997	1
1018	1
1023	1
1033	1
1036	1
1060	1
1081	1
1093	1
1133	1
1156	1
1195	1
1202	2
1232	1
1245	1
1283	1
1299	1
1301	1
1303	1
1319	1
1329	1
1335	1
1342	1
1345	1
1349	1
1359	1
1392	1
1408	1
1425	1
1438	1
1471	1
1484	1
1489	1
1490	1
1587	1
1594	1
1599	1
1607	1
1618	1
1644	1
1759	1
1763	1
1766	1
1769	1
1778	1
1802	1
1819	1
1845	1
1871	1
1914	1
1958	1
1969	1
1973	1
1977	1
1979	1
1994	1
2053	1
2067	1
2105	1
2129	1
2172	1
2173	1
2179	1
2192	1
2198	1
2205	1
2217	1
2223	1
2228	1
2229	1
2262	1
2287	1
2290	1
2363	1
2370	1
2381	1
2385	1
2394	1
