33	1
71	1
72	1
86	1
104	1
145	1
152	1
154	1
168	1
185	1
199	2
301	1
317	1
329	1
356	1
360	1
365	1
399	1
427	1
455	1
514	1
524	1
526	1
527	1
541	1
550	1
551	1
552	1
556	1
562	2
567	1
584	1
593	1
639	1
645	1
648	1
665	2
704	1
707	1
708	1
752	1
794	1
870	1
887	1
931	1
967	1
994	1
1000	1
1043	1
1114	1
1143	1
1155	1
1186	1
1189	1
1217	1
1256	1
1269	1
1312	1
1369	1
1373	1
1392	1
1450	1
1494	1
1499	1
1517	1
1542	1
1544	1
1572	1
1614	1
1634	1
1641	1
1649	1
1655	1
1678	1
1687	1
1733	1
1749	1
1753	1
1762	1
1786	1
1811	1
1814	1
1853	1
1897	1
1913	1
1926	1
1928	1
1935	1
1956	1
1973	1
1981	1
1983	1
2034	1
2038	1
2049	1
2074	1
2089	1
2132	1
2144	1
2156	1
2161	2
2163	1
2168	1
2194	1
2203	1
2247	1
2257	1
2258	1
2303	1
2304	1
2328	1
2392	1
2412	1
2432	1
2532	1
2543	1
2556	1
2659	1
2747	1
2762	1
2781	1
2797	1
2830	1
2889	1
