25	1
28	1
36	1
64	1
66	1
86	1
87	1
95	1
96	1
138	1
150	1
161	1
195	1
213	1
237	1
295	1
312	1
313	1
337	1
378	1
379	1
422	1
464	1
498	1
551	1
560	1
563	1
655	1
661	2
666	2
676	1
692	1
723	1
751	1
766	1
798	1
841	1
852	1
855	1
875	1
891	1
913	1
929	1
944	1
1041	1
1048	1
1084	1
1097	1
1115	1
1207	1
1245	1
1248	1
1279	1
1308	1
1312	1
1313	1
1317	1
1320	1
1337	1
1353	1
1403	1
1450	1
1471	1
1491	1
1492	1
1504	1
1524	1
1634	1
1638	1
1642	1
1680	1
1715	1
1743	1
1747	1
1796	1
1802	1
1819	1
1868	1
1886	1
1901	1
1904	1
1907	2
1920	1
1961	1
1967	1
1984	1
1995	1
2000	1
2020	2
2030	1
2064	1
2075	1
2087	1
2119	1
2130	1
2167	1
2186	1
2200	1
2210	1
2227	1
2269	1
2283	1
2297	1
2299	1
2304	1
2309	1
2331	1
2333	1
2336	1
2341	1
2377	1
2405	1
2457	1
2494	1
2525	1
2532	1
2539	1
2557	1
2564	1
2570	1
2591	1
2595	1
2606	1
2607	1
