21	1
43	1
54	1
77	1
80	1
81	1
111	1
118	1
173	1
180	1
193	1
230	1
239	1
252	1
258	1
300	1
305	2
315	1
350	1
361	1
369	1
399	1
403	1
421	1
512	1
547	1
548	1
550	2
559	1
580	1
610	1
612	1
615	1
636	1
648	1
663	1
679	1
714	1
734	1
779	1
797	1
832	2
882	1
909	1
911	1
927	1
947	1
952	1
967	1
985	1
991	1
1009	1
1012	1
1017	2
1019	1
1034	1
1049	1
1058	1
1080	1
1111	1
1115	1
1155	1
1170	1
1203	2
1229	1
1245	1
1250	1
1274	1
1286	1
1335	1
1343	1
1352	1
1453	1
1500	1
1505	1
1507	1
1514	2
1548	1
1573	1
1578	2
1609	1
1618	1
1653	1
1656	1
1681	1
1704	1
1705	1
1775	1
1792	1
1802	1
1808	1
1819	1
1879	1
1892	1
1897	1
1899	1
1900	1
1911	1
1912	1
1930	1
1949	1
1968	1
1973	1
1989	1
2028	1
2062	1
2087	1
2089	1
2105	1
2110	1
2147	1
2157	1
2202	1
2208	1
2278	1
2283	1
2338	1
2359	1
2366	1
2400	1
2431	1
