386883670
820202948
46433414
98231527
262611220
976284636
677389747
1429586346
79050349
42962069
95579396
1459850154
725637905
215965714
802317752
1003280200
85346160
185904232
170367258
210467151
1099544954
156197999
293058076
347544931
623524617
1470317499
551313556
323409734
173853784
285584493
133991479
1297684949
1595177170
1513496857
98383213
284684607
957017780
561484431
203295019
562226276
292710483
467770996
499309529
551664836
1045205527
240766349
509392668
121018669
835103919
622616127
866727793
931935999
199429767
514920191
93948879
784423418
729090063
489600895
41788771
787963002
630417194
400247525
658378392
839177723
