63353373
281436047
94630323
153137670
45781118
137580049
271180313
81104080
456975158
355902097
109421354
123948769
61483973
99737590
112178189
213572365
139904944
195194997
39338458
153744257
152767863
225882679
842429931
222087119
237163063
348704162
370984762
44240791
176259802
149871890
82581382
334536148
572546746
187500773
291158292
163436965
980580639
335000154
563356925
959617107
309735954
31085513
533305028
304708008
195152455
848193721
277239717
315839692
30451839
562183327
298558300
654553600
218659470
329192583
73723814
298205696
114849099
418256173
56272484
160290576
318046469
96283510
27538061
585396133
