23	1
25	1
27	1
32	1
34	1
37	1
38	1
52	1
57	1
73	1
126	1
134	1
146	1
192	1
205	1
237	1
259	1
274	1
307	1
336	1
354	3
372	1
378	1
393	1
401	1
419	1
427	1
432	1
438	1
455	1
474	1
505	1
560	1
578	1
589	1
602	1
637	1
767	1
771	1
798	1
820	1
830	1
852	2
872	1
879	1
881	1
882	1
910	1
914	1
919	1
953	2
964	1
965	1
1047	1
1054	1
1074	1
1088	1
1107	1
1148	1
1160	1
1191	1
1247	1
1254	1
1272	1
1285	1
1286	1
1324	1
1344	1
1358	1
1380	1
1410	1
1415	1
1443	1
1474	1
1507	1
1551	1
1564	1
1572	1
1619	1
1652	1
1663	1
1739	1
1742	1
1754	1
1761	1
1763	1
1765	1
1803	2
1817	1
1825	1
1837	1
1860	1
1889	1
1916	1
1917	1
1938	1
1946	1
1999	1
2000	1
2024	1
2032	1
2045	1
2057	1
2093	1
2125	1
2137	1
2164	1
2193	1
2211	1
2241	2
2257	1
2278	1
2293	1
2296	1
2316	1
2344	1
2364	1
2372	1
2391	1
2412	1
2415	1
2434	1
2440	1
2446	1
2465	1
2476	1
2522	1
2532	1
2545	1
2551	1
2563	1
2589	1
2676	1
2705	1
2728	1
2750	1
2761	1
2779	1
2792	1
2827	1
2875	1
2887	1
2902	1
2925	1
2970	1
3012	1
3064	1
3071	1
3121	1
3123	1
3135	1
3144	1
3148	1
3150	1
3180	1
3250	1
3259	1
3267	1
3306	1
3315	1
3324	1
3339	1
3343	1
3347	1
3382	1
3384	1
3385	1
3413	1
3414	1
3475	1
3486	1
3490	1
3505	1
3517	1
3519	1
3577	1
3653	1
3700	1
3732	1
3741	1
3769	1
3785	1
3832	1
3842	1
3856	1
3878	1
3886	1
3911	1
3919	1
3923	2
3949	1
3955	1
3978	1
4055	1
4066	1
4099	1
4129	1
4138	1
4170	1
4173	1
4187	1
4193	1
4196	1
4234	1
4235	1
4246	1
4250	1
4258	1
4271	1
4281	1
4290	1
4310	1
4340	1
4366	1
4397	1
4416	1
4419	1
4443	1
4451	1
4569	1
4591	1
4597	1
4612	1
4620	1
4626	1
4645	1
4665	1
4704	1
4714	1
4734	1
4774	1
4791	1
4807	1
4809	1
4849	1
4868	1
4922	1
4930	1
4931	1
4942	1
4952	1
4961	1
4974	1
4986	1
5059	1
5122	1
5131	1
5133	1
5140	1
5172	1
5210	1
5236	1
5239	1
5253	1
5260	1
5261	1
5262	1
5268	1
5278	1
5283	1
5294	1
5317	1
5353	1
5368	1
5397	1
5442	1
5464	1
5466	1
5467	1
5483	1
5498	1
5510	1
5526	1
5534	1
5539	1
5560	1
5582	1
5595	1
5602	1
5606	1
5607	1
5616	1
5618	1
5622	1
5644	1
5698	1
5711	1
5735	1
5741	1
5757	1
5764	1
5767	1
5778	1
5784	1
5841	1
5851	1
5869	1
5876	1
5882	1
5896	1
5906	1
5911	1
5930	1
5931	1
5933	1
5949	1
5951	1
5952	1
5969	1
6008	1
6022	1
6053	1
6065	1
6094	1
6121	1
6137	1
6150	2
6176	1
6179	1
6187	1
6208	1
6265	1
6284	1
6289	1
6321	1
6388	1
6404	2
6426	1
6531	1
6553	1
6567	1
6573	1
6577	1
6578	1
6598	1
6607	1
6639	1
6640	1
6653	1
6659	1
6669	1
6685	1
6689	1
6692	1
6713	1
6728	1
6742	1
6763	1
6796	1
6807	1
6820	1
6842	1
6875	1
6877	1
6894	1
6916	1
6931	1
6937	1
6938	1
7002	1
7026	1
7031	1
7042	1
7073	1
7137	1
7148	1
7149	2
7150	1
7154	1
7178	1
7204	1
7208	1
7216	1
7247	1
7276	1
7278	1
7286	1
7309	1
7340	1
7353	1
7369	1
7371	1
7404	1
7462	1
7466	1
7468	1
7472	1
7480	1
7502	1
7505	1
7547	1
7562	1
7567	1
7578	1
7596	1
7597	1
7600	1
7618	1
7646	1
7661	1
7681	1
7703	1
7739	1
7781	1
7789	1
7827	1
7830	1
7859	1
7897	1
7932	1
7933	1
7935	1
7979	1
7988	1
7999	1
8022	1
8035	1
8076	1
8094	1
8125	1
8190	1
8222	1
8223	1
8226	1
8239	1
8266	1
8292	1
8304	1
8321	1
8367	2
8420	1
8450	1
8517	1
8524	1
8526	1
8535	1
8537	1
8543	1
8546	1
8603	1
8635	1
8637	1
8643	1
8656	1
8686	1
8727	1
8730	1
8751	1
8763	1
8788	1
8793	1
8811	1
8843	1
8862	1
8944	1
8950	1
8964	1
8967	1
9020	1
9074	1
9082	1
9118	1
9129	1
9137	1
9149	1
9167	1
9249	1
9261	1
9281	1
9289	1
9297	1
9304	1
9341	1
9347	1
9357	1
9358	1
9364	1
9382	1
9426	1
9427	1
9430	1
9454	1
9477	1
9480	1
9502	1
9514	1
9542	1
9618	1
9634	1
9640	1
9659	1
9671	1
9728	1
9746	1
9792	1
9814	1
9831	1
9836	1
9843	1
9844	1
9878	1
