4	1
27	1
31	1
105	1
152	1
188	1
204	1
213	1
242	1
258	1
275	1
285	1
294	1
303	1
310	1
311	1
326	1
329	1
368	1
381	1
396	1
401	1
455	1
488	1
504	1
506	1
513	1
556	1
558	1
561	1
625	1
645	1
651	1
704	1
712	1
753	1
759	1
832	1
850	1
898	1
899	1
939	1
949	1
986	1
997	1
999	1
1022	1
1025	1
1088	1
1111	1
1127	1
1131	1
1155	1
1178	1
1179	1
1189	1
1211	1
1222	1
1259	1
1268	1
1269	1
1275	1
1282	1
1293	1
1297	2
1303	1
1317	1
1329	1
1346	1
1355	1
1376	1
1417	1
1431	1
1459	1
1462	1
1471	1
1474	1
1487	1
1507	1
1515	1
1534	1
1556	1
1560	1
1564	1
1569	1
1593	1
1689	1
1694	1
1700	1
1703	1
1704	1
1710	1
1757	1
1764	1
1776	1
1795	1
1796	1
1808	1
1818	1
1834	1
1854	1
1869	1
1874	1
1887	1
1895	1
1907	1
1917	1
1922	1
1926	1
1959	1
2003	1
2006	1
2052	1
2069	1
2114	1
2118	1
2127	1
2155	1
2158	1
2169	1
2224	1
2226	1
2228	1
2234	1
2252	1
2258	1
2297	1
2333	1
2444	1
2465	1
2500	1
2504	1
2530	2
2540	1
2556	1
2581	1
2594	1
2599	1
2654	1
2719	1
2761	1
2766	1
2799	1
2812	2
2819	1
2820	1
2837	1
2882	1
2900	1
2963	1
2972	1
2999	1
3013	1
3057	1
3096	1
3108	1
3184	1
3194	1
3214	1
3256	1
3272	1
3301	1
3309	1
3318	1
3408	1
3419	1
3425	1
3428	1
3430	1
3436	1
3449	1
3450	1
3492	1
3508	1
3544	1
3550	1
3597	1
3622	1
3631	1
3635	1
3654	1
3659	1
3691	1
3692	1
3699	1
3739	1
3757	1
3766	1
3769	1
3772	1
3821	1
3834	1
3844	1
3847	1
3874	1
3892	1
3898	1
3903	1
3909	1
3915	1
3973	1
3990	1
4005	1
4016	1
4020	1
4027	1
4035	2
4044	1
4055	2
4062	1
4132	1
4134	1
4135	1
4163	1
4188	1
4272	1
4281	1
4293	1
4355	1
4370	1
4384	1
4406	1
4419	1
4512	1
4514	1
4538	1
4556	1
4570	1
4597	1
4607	1
4617	1
4649	1
4689	1
4701	1
4715	1
4727	1
4775	1
4788	1
4791	1
4807	1
4812	1
4821	1
4831	1
4860	1
4891	1
4960	1
4968	1
4984	1
5024	1
5054	1
5058	1
5093	2
5112	1
5118	1
5130	1
5146	1
5179	1
5213	1
5214	1
5225	1
5250	1
5264	1
5309	1
5314	2
5346	1
5347	2
5361	1
5380	1
5394	1
5408	1
5487	1
5508	1
5519	1
5529	1
5536	1
5539	1
5561	1
5591	1
5600	1
5601	1
5627	1
5630	1
5632	1
5638	1
5644	1
5649	1
5666	1
5689	2
5696	1
5724	1
5747	1
5763	1
5778	1
5787	1
5806	1
5818	1
5841	1
5859	1
5860	1
5866	1
5879	1
5909	1
5921	1
5937	1
5940	1
5958	1
5994	1
6006	1
6034	1
6152	1
6163	1
6209	1
6229	1
6285	1
6356	1
6376	1
6377	1
6387	1
6396	1
6413	1
6422	1
6433	1
6450	1
6457	1
6524	1
6527	1
6543	1
6550	1
6552	1
6564	1
6608	1
6609	1
6620	1
6664	1
6686	1
6696	1
6718	1
6733	1
6744	1
6763	1
6776	1
6778	1
6807	1
6821	1
6873	1
6896	1
6904	1
6909	1
6914	1
6940	1
6965	1
7005	1
7024	1
7036	1
7045	1
7058	1
7069	1
7074	1
7076	1
7083	1
7096	1
7099	1
7101	1
7110	1
7113	1
7138	1
7140	2
7177	1
7182	1
7202	1
7223	1
7256	1
7258	1
7268	1
7347	1
7374	1
7390	1
7416	1
7424	1
7473	1
7537	1
7539	1
7547	1
7549	1
7550	1
7562	1
7563	1
7595	1
7596	1
7626	1
7644	1
7670	1
7681	1
7688	1
7695	1
7705	1
7734	1
7741	1
7742	1
7827	1
7828	1
7850	2
7893	1
7914	1
7917	1
7959	1
7962	1
7993	1
7999	1
8066	1
8075	1
8082	1
8101	1
8143	1
8167	1
8193	1
8214	1
8251	1
8265	1
8268	1
8286	1
8314	1
8318	1
8352	1
8372	1
8399	1
8405	1
8414	1
8449	1
8470	1
8471	1
8522	2
8552	1
8561	1
8572	1
8588	1
8592	1
8622	1
8624	1
8626	1
8647	1
8660	1
8674	1
8678	1
8682	2
8689	1
8693	1
8721	1
8741	1
8743	1
8746	1
8814	1
8864	1
8875	1
8903	1
8922	1
8965	1
8978	1
8987	1
9008	1
9020	1
9039	1
9044	1
9051	1
9055	1
9062	1
9073	1
9074	1
9106	1
9107	1
9111	1
9150	1
9154	1
9157	1
9162	1
9168	1
9219	1
9250	1
9253	1
9254	1
9287	1
9319	1
9324	1
9327	1
9340	1
9378	1
9446	1
9450	1
9478	1
9490	1
9511	1
9514	1
9518	1
9547	1
9593	1
9635	1
9639	1
9640	1
9644	1
