27	1
48	1
50	1
71	1
121	1
125	1
131	1
164	1
168	1
181	1
204	1
205	1
244	1
254	1
256	1
285	1
301	1
302	1
319	1
341	1
349	1
352	1
360	1
392	1
427	1
455	1
488	1
502	1
521	1
558	1
592	1
624	1
641	1
664	1
696	1
733	1
787	1
808	1
822	1
837	1
868	1
870	1
873	1
929	1
939	1
948	1
954	1
966	1
982	1
994	1
996	1
1018	2
1027	1
1041	1
1074	1
1079	1
1093	1
1096	1
1109	1
1117	1
1126	1
1206	1
1212	1
1224	1
1250	1
1310	1
1329	1
1375	1
1379	1
1389	1
1395	1
1406	1
1412	1
1426	1
1474	1
1499	2
1514	1
1528	1
1539	1
1563	1
1564	1
1576	1
1601	1
1611	1
1629	1
1648	1
1667	1
1680	1
1683	1
1684	1
1685	1
1695	1
1700	1
1714	1
1723	1
1725	1
1735	1
1737	1
1749	1
1762	1
1821	1
1823	1
1842	1
1847	1
1948	1
1960	1
1983	1
1987	1
1993	1
2020	1
2048	1
2071	1
2079	1
2088	1
2092	1
2111	1
2125	1
2173	1
2198	1
2221	1
2225	1
2254	1
2260	1
2277	1
2279	1
2290	1
2313	1
2333	1
2336	1
2356	1
2358	1
2372	1
2378	1
2382	1
2414	1
2416	1
2421	1
2454	1
2469	1
2477	1
2482	1
2496	1
2508	1
2531	1
2537	1
2578	1
2600	1
2618	1
2639	1
2766	1
2828	1
2840	1
2848	1
2858	1
2867	1
2895	1
2896	1
2908	1
2947	1
2952	1
2959	1
3024	1
3032	1
3040	1
3045	1
3058	1
3130	1
3189	1
3194	1
3214	1
3255	1
3328	1
3335	1
3348	1
3379	1
3384	1
3411	1
3427	1
3444	1
3460	1
3497	1
3535	1
3555	1
3578	1
3615	1
3635	1
3646	1
3663	1
3682	1
3739	1
3872	1
3884	1
3994	1
4014	1
4047	1
4059	1
4061	1
4067	1
4077	1
4111	1
4114	1
4138	1
4178	1
4181	1
4209	1
4278	1
4291	1
4296	1
4331	1
4340	1
4346	1
4351	1
4368	1
4448	1
4452	1
4453	1
4455	1
4469	1
4470	1
4471	1
4472	1
4476	1
4489	1
4492	1
4529	1
4553	1
4585	1
4588	1
4616	1
4626	1
4636	1
4697	1
4706	1
4716	1
4758	1
4764	1
4768	1
4781	1
4795	1
4880	1
4890	1
4906	1
4928	1
4960	1
4970	1
4972	1
5002	1
5017	1
5022	1
5048	1
5052	1
5081	1
5205	1
5245	1
5287	1
5290	1
5291	1
5298	1
5304	1
5344	1
5363	1
5367	1
5369	1
5410	1
5428	1
5466	1
5491	1
5512	1
5519	1
5521	1
5550	1
5554	1
5591	1
5635	1
5648	1
5676	1
5685	1
5741	1
5752	1
5759	1
5779	1
5783	1
5790	1
5791	1
5803	1
5817	1
5865	1
5873	1
5881	1
5902	1
5940	1
5960	1
5982	1
5983	1
6003	1
6109	1
6134	1
6159	1
6183	1
6203	1
6206	1
6218	1
6232	1
6270	1
6277	1
6287	1
6335	1
6366	1
6367	1
6377	1
6391	1
6399	1
6420	1
6430	1
6436	1
6451	1
6486	1
6499	2
6513	1
6538	1
6547	1
6596	1
6602	1
6605	1
6639	1
6642	1
6703	1
6724	1
6727	1
6768	1
6778	1
6797	1
6800	1
6804	1
6808	2
6866	1
6956	1
6966	1
6978	1
6993	1
7021	1
7025	1
7039	1
7060	1
7063	1
7101	1
7134	1
7154	1
7168	1
7169	1
7204	1
7213	1
7216	1
7268	1
7285	1
7291	1
7301	1
7352	1
7372	1
7375	1
7387	1
7412	1
7434	1
7441	1
7445	1
7463	1
7470	1
7471	1
7529	1
7547	1
7552	1
7569	1
7575	1
7580	1
7583	1
7611	1
7612	1
7635	1
7650	1
7703	1
7707	1
7774	1
7784	1
7785	1
7787	1
7811	1
7831	1
7841	1
7871	1
7880	1
7881	1
7893	1
7894	1
7899	1
7904	1
7908	1
7963	1
8004	1
8050	1
8052	1
8094	1
8100	1
8106	1
8114	1
8123	1
8168	1
8173	1
8182	1
8209	1
8211	1
8229	1
8241	1
8279	2
8281	1
8297	1
8320	1
8340	1
8374	1
8386	1
8439	1
8446	1
8463	2
8469	1
8481	1
8488	1
8557	1
8573	1
8587	1
8593	1
8596	2
8597	1
8600	1
8613	1
8624	1
8647	1
8655	1
8720	1
8739	1
8772	1
8784	1
8791	1
8795	1
8811	1
8847	1
8880	2
8909	1
8917	1
8929	1
8946	1
8963	1
8964	1
8993	1
8998	1
9039	1
9101	1
9124	1
9130	1
9153	1
9192	1
9205	1
9211	1
9219	1
9222	1
9239	1
9242	1
9263	1
9293	1
9325	1
9327	1
9338	1
9369	1
9377	1
9415	1
9457	1
9501	1
9515	1
9549	1
9556	1
9562	1
9566	1
9572	1
9648	1
9657	1
9685	1
9697	1
9698	1
9710	1
9727	1
9733	1
9752	1
9760	1
9773	1
9786	1
9904	1
9929	1
9948	1
9980	1
9990	1
10037	1
10063	1
10069	1
10081	1
10116	1
10158	1
