47	1
49	1
52	1
58	1
66	1
84	1
133	1
163	1
179	1
186	1
219	1
235	1
267	1
268	1
274	1
308	1
351	1
372	1
399	1
420	1
444	1
457	1
491	1
509	1
514	1
515	1
574	1
598	1
603	1
627	1
646	2
674	2
776	1
779	2
807	1
828	1
830	1
837	1
840	1
851	1
861	1
875	1
877	1
881	1
892	1
926	1
938	1
1085	1
1103	1
1264	1
1305	1
1317	1
1353	1
1364	1
1366	1
1368	1
1378	1
1436	1
1462	1
1463	2
1487	1
1489	1
1496	1
1523	1
1541	1
1547	1
1555	1
1572	1
1591	1
1621	1
1669	1
1710	1
1711	1
1763	1
1764	1
1787	1
1793	1
1868	1
1947	1
1966	1
1975	1
1998	1
2099	1
2102	1
2128	1
2134	1
2142	1
2159	1
2164	1
2165	1
2217	1
2235	1
2254	1
2269	1
2288	1
2350	1
2371	1
2385	1
2395	2
2401	1
2414	1
2467	1
2514	1
2518	1
2530	1
2536	1
2542	1
2548	1
2568	1
2597	1
2620	1
2663	1
2718	1
2720	1
2739	1
2745	1
2746	1
2747	1
2755	1
2756	1
2759	1
2793	1
2794	1
2798	1
2807	1
2823	1
2841	1
2860	1
2905	1
2917	1
2961	1
2979	1
2989	1
2996	1
3018	1
3036	1
3049	1
3058	1
3075	1
3086	1
3106	1
3112	1
3124	1
3144	1
3163	1
3180	1
3186	1
3205	1
3215	1
3216	1
3220	1
3236	1
3272	1
3289	1
3291	1
3304	1
3307	1
3314	1
3322	1
3367	1
3371	1
3381	1
3404	1
3464	2
3465	1
3488	1
3491	1
3495	1
3506	1
3512	1
3516	1
3552	1
3628	1
3667	1
3688	1
3690	1
3718	1
3770	1
3793	1
3797	1
3831	1
3866	1
3925	1
3926	1
3929	1
3943	1
3945	1
4005	1
4038	1
4096	1
4120	1
4135	1
4162	1
4201	1
4215	1
4328	1
4435	1
4447	1
4475	1
4479	1
4503	1
4506	1
4509	1
4517	1
4558	1
4578	1
4588	1
4611	1
4621	1
4623	1
4647	1
4649	1
4658	1
4687	1
4698	1
4711	1
4719	1
4720	1
4754	1
4755	1
4803	1
4836	1
4861	1
4889	1
4895	1
4899	1
4918	1
4931	1
4941	1
4993	1
4995	1
5017	2
5050	1
5054	1
5087	1
5095	1
5117	1
5153	1
5212	1
5287	1
5322	1
5344	1
5358	1
5363	1
5443	1
5454	1
5456	1
5461	1
5481	1
5490	1
5511	1
5515	1
5517	1
5527	1
5534	1
5542	1
5547	1
5551	1
5561	1
5567	1
5569	1
5571	1
5587	1
5591	1
5594	1
5617	1
5630	1
5641	1
5642	1
5659	1
5669	1
5715	2
5722	1
5729	1
5752	1
5765	1
5771	1
5778	1
5782	1
5796	1
5817	1
5819	1
5826	1
5834	1
5842	1
5862	1
5881	1
5900	1
5902	1
5906	1
5918	1
5926	1
5947	1
5948	1
6014	1
6016	1
6070	1
6079	2
6091	1
6109	1
6122	1
6131	1
6148	1
6224	1
6234	1
6258	1
6316	1
6335	1
6358	1
6369	1
6416	1
6424	1
6437	1
6451	1
6459	1
6486	1
6550	1
6599	1
6610	1
6625	1
6626	1
6627	1
6683	1
6777	1
6794	1
6801	2
6815	1
6824	1
6875	1
6880	1
6893	1
6903	1
6960	1
6967	1
6986	1
7016	1
7017	1
7038	1
7046	1
7089	1
7127	1
7135	1
7144	1
7146	1
7161	1
7171	1
7188	1
7189	1
7191	1
7228	1
7233	1
7238	1
7292	1
7302	1
7317	1
7345	1
7422	1
7446	1
7447	1
7484	1
7495	1
7504	1
7529	1
7550	1
7557	1
7577	1
7599	1
7614	1
7638	1
7648	1
7660	1
7677	2
7692	1
7731	1
7734	1
7735	1
7749	1
7783	1
7855	1
7860	1
7883	1
7898	1
7935	1
7948	1
7951	1
7977	1
7984	1
7988	2
8001	1
8003	1
8027	1
8029	1
8042	1
8044	1
8145	1
8148	1
8184	1
8186	1
8194	1
8223	1
8226	1
8277	1
8318	1
8341	1
8367	1
8369	1
8371	1
8385	1
8448	1
8452	1
8519	1
8534	1
8573	1
8596	1
8608	1
8632	1
8719	1
8725	1
8817	1
8818	1
8823	1
8845	1
8857	1
8870	1
8893	1
8911	1
8917	1
8942	1
8974	1
8992	1
9003	1
9006	1
9093	1
9110	1
9196	1
9197	1
9226	1
9261	1
9275	1
9279	1
9281	1
9294	1
9308	1
9310	1
9312	1
9324	1
9337	2
9356	1
9389	1
9447	1
9450	1
9458	1
9459	1
9461	1
9493	1
9498	1
9500	1
9516	1
9539	1
9540	1
9583	1
9595	1
9598	1
9604	1
9609	1
9626	1
9664	1
9670	1
9721	1
9730	1
9784	1
9796	1
9800	1
9839	1
9847	1
9857	1
9879	1
9891	1
9919	1
9932	1
9959	1
9979	1
10002	1
10110	1
10128	1
10193	1
10242	1
10268	1
10287	1
10353	1
10369	1
10407	1
10422	1
10453	1
10536	1
10540	1
10547	1
10559	1
10564	1
