24	1
38	1
52	1
69	1
99	1
108	1
110	1
166	1
170	1
180	1
187	1
223	1
228	1
246	1
288	1
290	1
296	1
307	1
319	1
360	1
366	1
416	1
454	1
496	1
513	1
525	1
551	1
582	1
587	1
601	2
627	1
653	1
675	1
713	1
718	1
723	1
733	1
746	1
751	1
757	1
827	1
840	1
848	1
852	1
855	1
925	1
926	1
1043	1
1046	1
1064	1
1106	1
1111	1
1152	1
1176	2
1184	1
1208	1
1219	1
1238	1
1243	1
1254	1
1255	1
1256	1
1264	1
1279	1
1282	1
1287	1
1290	1
1307	1
1323	1
1363	1
1382	1
1386	1
1400	1
1510	1
1534	1
1536	1
1550	1
1553	1
1558	1
1581	1
1585	1
1587	1
1596	1
1611	1
1622	1
1624	1
1626	1
1632	1
1643	1
1657	1
1687	1
1689	1
1719	1
1765	1
1833	1
1841	1
1852	1
1864	1
1898	1
1903	1
1905	1
1909	1
1938	1
1941	1
1946	1
2012	1
2054	1
2063	1
2092	1
2128	1
2169	1
2173	1
2222	1
2225	1
2231	1
2339	1
2360	1
2367	1
2379	1
2410	1
2432	1
2445	1
2452	1
2455	1
2480	1
2500	1
2501	1
2523	1
2541	1
2549	1
2588	1
2594	1
2604	1
2607	1
2634	1
2638	1
2645	1
2658	1
2672	1
2683	1
2686	1
2695	1
2710	1
2747	1
2751	1
2807	1
2810	1
2837	1
2841	1
2844	1
2912	1
2941	1
3015	1
3053	1
3059	1
3100	1
3117	1
3146	1
3151	1
3160	1
3164	1
3177	1
3179	1
3207	1
3219	1
3255	1
3296	1
3299	1
3313	1
3353	1
3364	1
3405	1
3408	1
3416	1
3419	1
3427	1
3455	1
3512	1
3534	1
3584	1
3623	1
3643	1
3655	1
3666	1
3701	1
3705	1
3740	1
3753	1
3761	1
3766	1
3828	1
3834	1
3901	2
3902	1
3903	1
3942	1
3944	1
3955	1
3969	1
3992	1
4033	1
4060	1
4072	1
4088	1
4102	1
4107	1
4115	1
4122	1
4144	1
4229	1
4266	1
4313	1
4314	1
4353	1
4357	1
4370	1
4376	1
4392	1
4401	1
4418	1
4442	1
4463	1
4470	1
4494	1
4503	1
4510	1
4523	1
4544	1
4578	1
4584	1
4588	1
4597	1
4619	1
4627	2
4643	1
4700	1
4787	1
4805	1
4836	1
4839	1
4843	1
4875	1
4883	1
4892	1
4906	1
4994	1
5015	1
5044	1
5054	1
5094	1
5109	1
5115	1
5154	1
5166	1
5172	1
5182	1
5188	1
5229	1
5231	1
5246	1
5294	1
5310	1
5326	1
5340	1
5344	1
5350	1
5354	1
5372	1
5377	1
5398	1
5463	1
5469	1
5473	1
5481	1
5488	1
5497	1
5527	1
5529	1
5540	1
5542	1
5568	1
5572	1
5573	1
5630	1
5646	1
5659	1
5680	1
5706	1
5739	1
5742	1
5747	1
5752	1
5756	1
5766	2
5774	1
5782	1
5845	1
5851	1
5858	1
5892	1
6002	1
6031	1
6081	1
6093	1
6095	1
6096	1
6099	1
6145	1
6172	1
6175	1
6180	1
6210	1
6218	1
6231	1
6259	1
6281	1
6294	1
6314	1
6321	1
6322	1
6357	1
6359	1
6381	1
6403	1
6426	1
6429	1
6451	1
6466	1
6467	1
6490	1
6499	1
6520	1
6532	1
6540	1
6574	1
6578	1
6586	1
6595	1
6604	1
6615	1
6624	1
6655	1
6670	1
6684	1
6694	1
6773	1
6802	1
6822	1
6873	1
6899	1
6922	1
6946	1
6990	1
7002	1
7009	1
7066	1
7067	1
7078	1
7082	1
7159	1
7170	1
7175	1
7199	1
7210	1
7217	1
7248	1
7254	2
7273	1
7279	1
7293	1
7299	1
7310	1
7311	1
7313	1
7343	1
7366	1
7399	1
7431	1
7461	1
7515	1
7535	1
7538	1
7557	1
7561	1
7584	1
7619	1
7624	1
7671	1
7673	1
7690	1
7726	1
7739	1
7804	1
7817	1
7818	1
7829	1
7865	1
7872	1
7893	1
7922	1
7928	1
7978	1
7979	1
7983	1
7995	1
8033	1
8035	1
8061	1
8067	1
8081	1
8111	1
8119	1
8125	1
8130	1
8149	1
8156	1
8188	1
8212	1
8242	1
8254	1
8290	1
8307	1
8322	1
8339	1
8353	1
8459	1
8469	1
8491	1
8523	1
8548	1
8611	1
8623	1
8628	1
8661	1
8666	1
8704	1
8748	1
8768	2
8793	1
8899	1
8918	1
8939	1
8940	1
8967	1
9039	1
9089	1
9125	1
9173	1
9190	1
9197	1
9253	1
9293	1
9308	1
9313	1
9337	1
9395	1
9399	1
9472	1
9479	1
9522	1
9544	1
9551	1
9552	1
9571	1
9577	1
9581	1
9623	1
9624	1
9632	1
9677	1
9701	1
9703	1
9704	1
9710	1
9726	1
9733	1
9734	1
9745	1
9755	1
9765	1
9799	1
9806	1
9809	1
9880	1
9891	1
9940	1
9990	2
9999	1
10039	1
10041	1
10061	1
10094	1
10099	1
10138	1
10145	1
10148	1
10180	1
10188	1
10189	1
10209	1
10215	1
10216	1
10222	1
10245	1
