25	1
76	1
86	1
87	1
99	1
120	1
178	1
188	1
199	1
227	1
235	1
241	1
247	1
254	1
267	1
270	1
276	1
288	1
291	1
297	1
313	1
343	1
355	1
439	1
471	1
473	1
517	1
539	1
558	1
567	1
586	1
592	1
614	1
621	1
623	1
646	1
665	1
677	1
681	1
692	1
726	1
761	1
767	1
853	1
856	1
858	1
891	1
896	1
928	1
947	1
957	1
971	1
975	1
990	1
1091	1
1194	1
1197	1
1253	1
1255	1
1268	1
1307	1
1319	1
1325	1
1328	1
1333	1
1339	1
1342	1
1386	1
1400	1
1425	1
1465	1
1475	1
1482	1
1549	1
1569	1
1618	1
1667	1
1701	1
1716	1
1720	1
1729	1
1769	1
1792	1
1800	1
1805	1
1813	1
1857	1
1864	1
1879	1
1882	1
1903	1
1914	1
1992	1
2026	1
2037	1
2044	1
2047	1
2061	1
2070	2
2077	1
2130	1
2150	1
2168	1
2193	1
2200	1
2206	2
2235	1
2243	1
2248	1
2269	1
2284	1
2338	1
2340	1
2349	1
2360	1
2380	1
2385	1
2386	1
2395	1
2396	1
2403	1
2406	1
2422	1
2465	1
2467	2
2474	1
2517	1
2564	1
2569	1
2573	1
2585	2
2603	1
2607	1
2655	1
2675	1
2683	1
2693	1
2695	1
2702	2
2736	1
2762	1
2798	1
2819	1
2838	2
2848	1
2850	1
2855	1
2911	1
2921	1
2923	1
2924	1
2937	1
2946	1
2949	1
2950	1
2996	1
3005	1
3007	1
3014	1
3018	1
3031	1
3041	1
3097	1
3114	1
3125	1
3145	1
3151	1
3165	1
3170	1
3199	1
3219	1
3221	1
3236	1
3238	1
3283	1
3290	1
3305	1
3325	1
3329	1
3341	1
3362	1
3363	1
3373	1
3423	1
3450	1
3455	1
3487	1
3488	1
3526	1
3556	1
3579	1
3601	1
3645	1
3683	1
3701	1
3759	1
3762	1
3765	1
3770	1
3783	1
3786	1
3795	1
3838	1
3854	1
3876	1
3890	1
3923	2
3942	1
3945	1
3962	1
3967	1
3994	1
4023	1
4041	1
4067	1
4131	1
4141	1
4152	1
4155	1
4191	1
4212	1
4217	1
4219	1
4245	1
4267	1
4275	1
4292	1
4295	1
4362	1
4367	1
4371	1
4411	1
4437	1
4448	1
4452	1
4465	1
4470	1
4495	1
4510	1
4519	1
4521	1
4559	1
4589	1
4618	1
4628	1
4631	2
4632	1
4641	1
4648	1
4658	1
4676	1
4684	1
4685	1
4755	1
4828	1
4836	1
4844	1
4857	1
4933	1
4934	1
4951	1
4958	1
4971	1
5002	1
5025	1
5033	1
5039	1
5058	1
5062	1
5081	1
5086	1
5123	1
5128	1
5144	1
5167	1
5178	1
5185	1
5218	1
5225	1
5247	1
5250	1
5255	1
5280	1
5367	1
5422	1
5435	1
5470	1
5592	1
5593	1
5623	1
5631	1
5632	1
5637	1
5668	1
5689	1
5698	1
5704	1
5712	1
5725	1
5770	1
5775	1
5788	1
5793	1
5801	1
5818	1
5837	1
5858	1
5860	1
5878	1
5900	1
5911	1
5915	1
5922	1
5932	1
5975	1
5981	1
5984	1
6030	1
6150	1
6152	1
6179	1
6197	1
6242	1
6282	1
6295	1
6303	1
6338	1
6339	1
6361	1
6423	1
6425	1
6426	1
6451	1
6486	1
6613	1
6677	1
6726	1
6815	1
6865	1
6892	1
6907	1
6910	1
6932	1
6953	1
7006	1
7026	1
7051	1
7058	1
7065	1
7075	1
7087	1
7145	1
7155	1
7165	1
7167	1
7174	1
7178	1
7257	1
7259	1
7294	1
7305	1
7388	1
7394	1
7445	1
7476	1
7501	1
7508	1
7510	1
7513	1
7555	1
7559	1
7573	1
7586	1
7624	1
7696	1
7706	1
7719	1
7728	1
7729	1
7771	1
7813	1
7839	1
7847	1
7898	1
7919	1
7927	1
7931	1
7942	1
7943	1
7946	1
7958	1
7996	1
8006	1
8051	1
8109	1
8117	1
8138	1
8145	1
8154	1
8229	1
8232	1
8236	1
8258	1
8277	1
8332	1
8388	1
8402	1
8438	1
8466	1
8490	1
8508	1
8525	1
8528	1
8535	1
8549	1
8556	1
8558	1
8580	1
8598	1
8613	1
8615	1
8634	1
8702	1
8705	1
8718	1
8735	1
8740	1
8780	1
8788	1
8794	1
8842	1
8855	1
8870	1
8877	1
8890	1
8918	1
8930	1
8936	1
8956	1
8962	1
8983	1
8997	1
8998	1
9012	1
9048	1
9074	1
9083	1
9095	1
9110	1
9111	1
9118	1
9129	1
9184	1
9205	1
9221	1
9247	1
9275	1
9294	1
9306	1
9322	1
9382	1
9388	1
9412	1
9464	1
9492	1
9502	1
9551	1
9568	1
9569	1
9575	1
9576	1
9673	1
9684	1
9685	1
9686	1
9715	1
9719	1
9721	1
9735	1
9756	1
9761	1
9787	1
9806	1
9848	1
9889	1
9907	1
9908	1
9912	1
9962	1
10040	1
10057	1
10063	1
10104	1
10105	1
10112	1
10115	1
10126	1
10145	1
10245	1
10324	1
10340	1
10343	1
10375	1
10380	1
