4	1
6	1
11	1
37	1
48	1
130	1
157	1
159	1
167	1
172	1
205	1
211	1
241	1
242	1
244	1
301	1
305	1
311	1
323	1
344	1
354	1
365	1
370	1
372	1
381	1
385	1
387	1
416	1
449	1
459	1
497	1
519	1
558	1
581	1
590	1
636	1
667	1
670	1
734	1
745	1
752	1
757	1
759	1
772	1
778	1
780	1
806	1
820	1
822	1
830	1
837	1
864	1
866	1
888	1
940	1
962	1
965	1
966	1
984	1
998	1
1011	1
1017	1
1025	1
1031	1
1046	1
1084	1
1104	1
1108	1
1126	1
1127	1
1152	1
1189	1
1213	1
1227	1
1235	1
1246	1
1261	1
1317	1
1323	1
1365	1
1413	2
1431	1
1506	1
1515	1
1531	1
1541	1
1561	1
1579	1
1636	1
1642	1
1678	1
1700	1
1709	1
1713	1
1729	1
1747	1
1759	1
1849	1
1881	1
1925	1
1936	1
1939	1
1954	1
1958	1
2004	1
2017	1
2062	1
2082	1
2099	1
2103	1
2104	1
2111	1
2176	1
2205	1
2218	1
2246	1
2257	1
2265	1
2297	1
2324	1
2328	1
2379	1
2422	1
2440	1
2453	1
2457	1
2474	1
2563	1
2586	1
2589	1
2595	1
2596	1
2601	1
2610	1
2631	1
2637	1
2642	1
2648	1
2661	1
2675	1
2687	1
2713	1
2750	1
2764	1
2807	1
2826	1
2834	1
2841	1
2853	1
2854	1
2879	1
2900	1
2931	1
2954	1
2957	1
2958	1
2964	1
2989	1
3001	1
3008	1
3036	1
3037	1
3047	1
3070	1
3082	1
3122	1
3166	1
3219	1
3221	1
3254	1
3304	1
3386	1
3387	1
3425	1
3427	1
3483	1
3487	1
3488	1
3524	1
3544	1
3552	1
3587	1
3631	1
3633	1
3674	1
3705	1
3713	1
3727	1
3799	1
3807	1
3837	1
3868	1
3874	1
3891	1
3894	1
3913	1
3938	1
3940	1
3948	1
3952	1
4011	1
4014	1
4017	1
4018	1
4039	1
4052	1
4061	1
4062	1
4096	1
4117	1
4149	1
4186	1
4193	1
4204	1
4206	1
4217	1
4218	2
4300	1
4323	1
4334	1
4337	1
4347	1
4354	1
4372	1
4375	1
4379	1
4392	1
4403	1
4423	1
4437	1
4453	1
4455	1
4462	1
4473	1
4483	1
4524	1
4556	1
4568	1
4571	1
4640	1
4647	1
4684	1
4693	1
4697	1
4698	1
4776	1
4788	1
4795	1
4836	1
4860	1
4888	1
4900	1
4907	1
4928	1
4936	1
4959	1
4996	1
5012	1
5068	1
5105	1
5132	1
5136	1
5145	1
5167	1
5212	1
5225	1
5231	1
5239	1
5243	2
5244	1
5300	1
5301	1
5319	1
5326	1
5336	1
5340	1
5353	1
5367	1
5388	1
5391	1
5405	1
5412	1
5434	1
5459	1
5482	1
5500	1
5526	1
5575	1
5594	1
5628	1
5647	1
5672	1
5673	1
5690	1
5733	1
5809	1
5816	1
5834	1
5915	1
5918	1
5956	1
5965	1
6008	1
6010	1
6054	1
6068	1
6087	1
6121	1
6126	1
6170	1
6176	1
6205	1
6207	1
6252	1
6266	1
6288	1
6298	1
6313	1
6314	1
6318	1
6353	1
6354	1
6378	1
6387	1
6405	1
6435	1
6437	1
6457	1
6476	1
6478	1
6525	1
6540	1
6562	1
6609	1
6613	1
6642	1
6656	1
6663	1
6715	1
6759	1
6792	1
6794	1
6800	1
6801	1
6842	1
6885	1
6916	1
6943	1
6988	1
6995	1
7016	1
7020	1
7022	1
7025	1
7037	1
7053	1
7059	1
7073	1
7124	1
7136	1
7142	1
7187	1
7192	1
7195	1
7215	1
7217	1
7228	1
7244	1
7265	1
7281	1
7319	1
7333	1
7340	1
7342	1
7367	1
7379	1
7384	1
7413	1
7415	1
7433	1
7475	1
7480	1
7491	1
7514	1
7527	1
7570	1
7602	1
7605	2
7609	1
7625	1
7626	1
7642	1
7643	2
7651	1
7668	1
7708	1
7717	1
7723	1
7733	1
7738	1
7763	1
7783	1
7790	1
7809	1
7843	1
7941	1
7976	1
7986	1
8013	1
8015	1
8040	1
8046	2
8052	1
8073	1
8074	1
8090	1
8098	1
8122	1
8124	1
8134	1
8135	1
8138	1
8156	1
8162	1
8169	1
8255	1
8307	1
8322	1
8341	1
8370	1
8372	1
8373	1
8376	1
8389	1
8390	1
8391	1
8407	1
8411	1
8417	1
8422	1
8444	1
8453	1
8459	1
8465	1
8466	1
8488	1
8507	1
8531	1
8551	1
8616	1
8646	1
8654	1
8683	1
8687	1
8712	1
8726	1
8737	1
8739	1
8752	2
8757	1
8763	2
8773	1
8779	1
8792	1
8803	1
8821	1
8871	1
8880	1
8950	1
8951	1
8981	1
8990	1
9059	1
9071	1
9095	1
9103	1
9126	1
9136	1
9139	1
9197	1
9220	1
9229	1
9234	1
9239	1
9253	1
9288	2
9305	1
9310	1
9342	1
9355	1
9399	1
9419	1
9421	1
9429	1
9432	1
9502	1
9524	1
9562	1
9583	2
9590	1
9644	1
9652	1
