8192x256
1 3.94 0.01
2 3.95 0.05
3 3.95 0.00
4 3.93 0.00
5 3.94 0.00
6 3.93 0.00
7 3.94 0.00
8 3.94 0.00
9 3.94 0.01
10 3.94 0.00
11 3.94 0.01
12 3.95 0.00
13 3.93 0.01
14 3.95 0.00
15 4.05 0.44
16 3.93 0.01
17 3.95 0.00
18 3.94 0.04
19 3.94 0.00
20 3.94 0.00
16384x512
1 21.88 0.01
2 21.86 0.01
3 21.83 0.01
4 21.80 0.01
5 21.81 0.01
6 21.81 0.02
7 21.97 0.01
8 21.94 0.01
9 21.77 0.01
10 21.82 0.01
11 21.96 0.01
12 21.96 0.01
13 21.88 0.02
14 21.82 0.01
15 21.90 0.01
16 21.88 0.01
17 21.84 0.01
18 21.81 0.01
19 21.80 0.01
20 21.87 0.04
32768x1024
1 164.01 0.04
2 165.53 0.04
3 164.20 0.03
4 163.65 0.03
5 165.13 0.05
6 164.67 0.05
7 164.96 0.06
8 164.80 0.04
9 164.50 0.04
10 165.33 0.02
11 165.33 0.04
12 165.08 0.03
13 164.65 0.03
14 164.91 0.04
15 165.71 0.03
16 163.94 0.05
17 164.95 0.13
18 164.96 0.05
19 165.00 0.04
20 164.78 0.05
