Instancia,makecpan PALS gMinMin
1,1773.9,0.6
2,1777.4,0.7
3,1779.7,0.7
4,1774.3,0.5
5,1755.3,0.8
6,1768.2,0.5
7,1783.6,0.7
8,1764.4,0.5
9,1779.6,0.7
10,1769.1,0.8
11,1783.8,0.5
12,1758.8,0.6
13,1767.6,0.7
14,1780.6,0.6
15,1783.8,0.9
16,1772.0,0.6
17,1761.0,0.6
18,1773.5,0.8
19,1762.3,0.7
20,1776.3,0.6
====== Tabla de tiempos (segundos) ======
Instancia,tiempo PALS gMinMin
1,36.6
2,35.6
3,36.5
4,35.5
5,36.7
6,35.5
7,36.6
8,35.6
9,36.6
10,35.6
11,36.6
12,35.7
13,36.6
14,35.5
15,36.7
16,35.5
17,36.7
18,35.6
19,36.8
20,35.4
