698348.4077503781 3.443699849576002E7 
768394.8437420982 3.2272691390731283E7 
698348.4077503781 3.443699849576002E7 
768394.8437420982 3.2272691390731283E7 
699438.0410083842 3.409348232216059E7 
699445.3015550599 3.33915226059209E7 
746274.9840144642 3.2749248140727498E7 
738594.7122367198 3.298467253184677E7 
746417.4773865574 3.2321781240852248E7 
698519.9698275398 3.443102266290057E7 
699438.0410083842 3.409348232216059E7 
700006.8636322215 3.3385546773061443E7 
700903.8525820712 3.3083828767185185E7 
730036.4818468259 3.2990201613633443E7 
743260.0519636815 3.2801431033787705E7 
738594.7122367198 3.298467253184677E7 
743260.0519636815 3.2801431033787705E7 
708795.2054413928 3.305895280595105E7 
717346.1232163609 3.301846976152577E7 
712884.6150045828 3.3023998843312442E7 
704705.0321948703 3.3065552169723243E7 
763078.8674997237 3.2278220472517956E7 
759716.8229608317 3.2282864919498857E7 
745590.6921490581 3.2789130269185215E7 
763078.8674997237 3.2278220472517956E7 
766112.693294244 3.2272691390731286E7 
725407.3556295843 3.299765593811663E7 
728176.2453840376 3.2996651493132252E7 
725407.3556295843 3.299765593811663E7 
722681.1936363591 3.3003185019903306E7 
754329.5352908514 3.2290521237120446E7 
751672.0794821541 3.229436983414499E7 
755407.9572808327 3.2288394001285534E7 
758006.2223595772 3.2284196305377413E7 
717346.1232163609 3.301846976152577E7 
766112.693294244 3.2272691390731286E7 
719640.8757538926 3.3016342525690857E7 
704705.0321948703 3.3065552169723243E7 
748833.2951268448 3.230069476588802E7 
743545.4966034017 3.2799303797952794E7 
750881.5789003627 3.229797556160363E7 
702701.2754633611 3.3071081251509912E7 
709584.0312022796 3.3042363620645784E7 
759716.8229608317 3.2282864919498857E7 
758006.2223595772 3.2284196305377413E7 
710984.0734382429 3.304103477969049E7 
746274.9840144642 3.2749248140727498E7 
711690.9106183005 3.3031455531192522E7 
755407.9572808327 3.2288394001285534E7 
754329.5352908514 3.2290521237120446E7 
728294.4117506847 3.299620474205947E7 
729283.7281561309 3.2994846060614344E7 
747859.1823448795 3.2303504643390305E7 
698519.9698275398 3.443102266290057E7 
700006.8636322215 3.3385546773061443E7 
721489.3552201631 3.3007829466884207E7 
748833.2951268448 3.230069476588802E7 
712703.2828698637 3.3024445594385225E7 
722499.8615016399 3.3003631770976085E7 
745590.6921490581 3.2789130269185215E7 
708795.2054413928 3.305895280595105E7 
700903.8525820712 3.3083828767185185E7 
702583.1090967138 3.30715280025827E7 
747859.1823448795 3.2303504643390305E7 
709584.0312022796 3.3042363620645784E7 
747106.4286541844 3.2308149090371206E7 
711690.9106183005 3.3031455531192522E7 
720393.6294445875 3.3011698078709956E7 
746702.9220262776 3.2319654005017336E7 
746820.9840144642 3.2310276326206118E7 
720269.7798456283 3.301595983114514E7 
701948.521772666 3.3075725698490813E7 
719640.8757538926 3.3016342525690857E7 
721009.8499417694 3.300995670271912E7 
729283.7281561309 3.2994846060614344E7 
701465.4146592328 3.307785293432573E7 
729918.3154801787 3.299064836470623E7 
701948.521772666 3.3075725698490813E7 
721489.3552201631 3.3007829466884207E7 
743545.4966034017 3.2799303797952794E7 
711102.2398048901 3.3040588028617706E7 
750881.5789003627 3.229797556160363E7 
751386.6348424339 3.2296497069979902E7 
721009.8499417694 3.300995670271912E7 
701465.4146592328 3.307785293432573E7 
747106.4286541844 3.2308149090371206E7 
711102.2398048901 3.3040588028617706E7 
751672.0794821541 3.229436983414499E7 
712703.2828698637 3.3024445594385225E7 
701085.1847167903 3.3083382016112402E7 
698397.964902622 3.443655174468724E7 
722681.1936363591 3.3003185019903306E7 
712884.6150045828 3.3023998843312442E7 
701085.1847167903 3.3083382016112402E7 
751386.6348424339 3.2296497069979902E7 
722499.8615016399 3.3003631770976085E7 
730036.4818468259 3.2990201613633443E7 
702701.2754633611 3.3071081251509912E7 
720275.4630779404 3.301214482978274E7 
729918.3154801787 3.299064836470623E7 
