====== Tabla de makespan ======
Instancia,makecpan PALS gMinMin
1,1703.8,0.8
2,1732.4,0.6
3,1708.3,0.4
4,1735.6,0.4
5,1717.2,0.5
6,1706.4,0.5
7,1730.0,0.6
8,1729.0,0.4
9,1722.0,0.5
10,1734.2,0.5
11,1702.0,0.5
12,1714.8,0.5
13,1736.1,0.5
14,1717.8,0.5
15,1700.5,0.4
16,1713.9,0.5
17,1699.3,0.5
18,1728.2,0.6
19,1726.6,0.4
20,1723.0,0.6
====== Tabla de tiempos (segundos) ======
Instancia,tiempo PALS gMinMin
1,32.6
2,32.4
3,32.8
4,32.6
5,32.3
6,32.7
7,32.9
8,32.9
9,32.7
10,32.7
11,32.3
12,32.7
13,32.5
14,32.6
15,32.7
16,32.6
17,32.4
18,32.4
19,32.4
20,32.3