====== Tabla de makespan ======
Instancia,makecpan PALS gMinMin
1,1829.7,1.5
2,1823.2,1.3
3,1820.0,1.4
4,1829.8,1.3
5,1816.7,1.4
6,1815.6,1.3
7,1826.6,1.3
8,1821.3,1.2
9,1830.3,1.3
10,1821.5,1.4
11,1815.8,1.3
12,1811.9,1.3
13,1817.9,1.4
14,1823.7,1.5
15,1818.1,1.2
16,1812.9,1.4
17,1814.3,1.2
18,1824.3,1.3
19,1813.6,1.3
20,1818.3,1.3
====== Tabla de tiempos (segundos) ======
Instancia,tiempo PALS gMinMin
1,43.1
2,43.0
3,43.3
4,43.3
5,43.5
6,43.1
7,43.2
8,43.0
9,43.2
10,43.3
11,43.4
12,43.5
13,43.3
14,43.3
15,43.3
16,43.3
17,42.9
18,43.5
19,43.4
20,43.4
