5	1
55	1
57	1
60	1
66	1
71	1
82	1
101	1
126	1
169	1
189	1
194	1
215	1
249	1
253	1
256	1
346	1
371	1
407	1
417	1
421	1
442	1
457	1
460	1
545	1
638	1
654	1
672	1
677	1
685	1
698	1
754	1
783	1
786	1
815	1
831	1
858	1
868	1
923	1
942	1
943	1
949	1
978	1
1014	1
1025	1
1026	1
1050	1
1075	1
1099	1
1105	1
1113	1
1126	1
1210	1
1245	1
1252	1
1256	1
1284	1
1296	1
1313	1
1333	1
1361	1
1363	1
1373	1
1379	1
1437	1
1448	1
1458	1
1475	1
1506	1
1510	1
1574	1
1593	1
1595	1
1617	1
1674	1
1709	1
1727	1
1752	1
1769	1
1828	2
1942	1
1953	1
2044	1
2046	1
2067	1
2073	1
2104	1
2110	1
2123	1
2128	1
2145	1
2149	1
2156	1
2163	1
2190	2
2196	1
2198	1
2208	1
2220	1
2232	1
2245	1
2258	1
2259	1
2266	1
2268	1
2289	1
2296	1
2307	1
2309	1
2315	1
2328	1
2371	1
2392	1
2433	1
2455	1
2459	1
2480	1
2518	1
2520	1
2551	1
2613	1
2653	1
2671	1
2694	1
2768	1
2862	1
2882	1
2890	1
2917	1
2966	1
2994	1
3013	1
3037	1
3044	1
3085	1
3096	1
3163	1
3215	1
3217	1
3222	1
3224	1
3292	1
3298	1
3310	1
3311	1
3331	2
3332	1
3341	1
3365	1
3371	1
3472	1
3475	1
3486	1
3557	1
3567	1
3584	1
3587	1
3593	2
3658	1
3663	1
3671	1
3693	1
3701	1
3707	1
3778	1
3807	1
3859	1
3885	1
3887	1
3991	1
3994	1
4008	1
4039	1
4040	1
4070	1
4090	1
4096	1
4102	1
4140	1
4143	1
4163	1
4193	1
4200	2
4205	1
4214	1
4234	1
4240	1
4273	1
4286	1
4290	1
4301	1
4315	1
4340	1
4357	1
4372	1
4376	1
4382	1
4391	1
4395	1
4431	1
4458	1
4469	2
4485	1
4511	1
4512	1
4527	2
4560	1
4597	1
4605	1
4622	1
4625	1
4638	1
4645	1
4686	1
4687	1
4696	1
4709	1
4723	1
4726	1
4739	1
4760	1
4775	1
4879	1
4930	1
5021	1
5045	1
5085	1
5138	1
5147	1
5172	1
5194	1
5207	1
5209	1
5231	1
5239	1
5244	1
5302	2
5353	1
5369	1
5372	1
5392	1
5438	1
5507	1
5535	1
5579	2
5587	1
5620	1
5658	1
5705	1
5711	1
5731	1
5740	1
5764	1
5784	1
5802	1
5808	1
5820	1
5822	1
5823	1
5845	1
5865	1
5875	1
5894	1
5942	1
5969	1
5970	1
5993	1
6004	2
6024	1
6025	1
6043	1
6055	2
6106	1
6119	1
6141	1
6153	1
6155	1
6172	1
6191	1
6194	1
6199	1
6236	1
6243	1
6273	1
6284	1
6292	1
6321	1
6326	1
6334	1
6390	1
6401	1
6416	1
6448	1
6484	1
6521	1
6565	1
6597	1
6617	1
6679	1
6704	2
6746	1
6749	1
6777	1
6845	1
6862	1
6869	1
6877	1
6896	1
6904	1
6916	1
6948	1
6954	1
6971	1
7019	1
7046	1
7070	1
7103	1
7110	1
7117	1
7283	1
7295	1
7302	1
7313	1
7328	1
7341	1
7353	1
7362	1
7405	1
7422	1
7440	1
7472	1
7489	1
7490	1
7513	1
7515	1
7523	1
7540	1
7541	1
7546	1
7551	1
7552	1
7565	1
7618	1
7662	1
7732	1
7740	1
7769	1
7777	1
7805	1
7818	1
7821	1
7824	1
7840	1
7857	1
7859	1
7861	1
7896	1
7908	1
7910	1
7914	1
7961	1
7969	1
7972	1
7985	1
7991	1
7997	1
8050	1
8086	1
8095	1
8121	1
8124	1
8129	1
8136	1
8160	1
8180	1
8198	2
8200	1
8236	1
8246	1
8259	2
8273	1
8332	1
8353	1
8418	1
8442	1
8452	1
8470	1
8553	1
8564	1
8590	1
8624	1
8637	1
8671	1
8686	1
8695	1
8712	1
8759	1
8782	1
8794	1
8801	1
8806	1
8826	1
8853	1
8865	1
8881	1
8890	1
8891	1
8930	1
8931	1
8936	1
8963	1
8972	1
8997	1
9023	1
9035	1
9042	1
9057	1
9082	1
9165	1
9166	1
9188	1
9194	1
9220	1
9225	1
9234	1
9236	1
9251	1
9266	1
9274	1
9275	1
9283	1
9330	1
9343	1
9362	1
9367	1
9432	1
9433	1
9437	1
9441	1
9447	1
9451	1
9471	1
9491	1
9501	1
9534	1
9540	1
9555	1
9602	1
9615	1
9625	1
9627	1
9659	1
9668	1
9734	1
9758	1
9777	1
9778	1
9794	1
9812	1
9817	1
9824	1
9872	1
9875	1
9878	1
9901	1
9907	1
9909	1
9911	1
9999	1
10075	1
10084	1
10085	1
10097	1
10104	1
10118	1
10119	1
10132	1
10181	1
10225	1
10260	1
10311	1
10327	1
10350	2
10366	1
10387	1
10457	1
10480	1
10494	1
10500	1
10525	1
10553	1
10562	1
10584	1
10598	1
10617	1
10648	1
10673	1
