2	1
154	1
184	1
194	1
218	2
222	1
226	1
264	1
314	1
382	2
391	1
397	1
411	1
447	1
449	1
461	1
484	1
495	1
545	1
595	1
664	1
701	1
742	1
745	1
764	1
859	1
875	1
892	1
896	1
900	1
948	1
967	1
969	1
980	1
1013	1
1026	1
1030	1
1035	1
1109	1
1130	1
1141	1
1182	1
1197	1
1199	1
1200	1
1265	1
1274	1
1275	1
1290	1
1312	1
1329	1
1364	1
1374	1
1424	1
1464	1
1478	1
1509	1
1520	1
1538	2
1558	3
1584	1
1603	1
1606	1
1618	1
1652	1
1660	1
1728	1
1769	1
1773	1
1777	1
1780	1
1787	1
1827	1
1844	3
1852	1
1882	1
1925	2
1926	1
1946	1
1970	1
1974	1
1999	1
2007	1
2035	1
2043	1
2045	1
2048	1
2050	1
2059	1
2104	1
2126	1
2140	1
2146	1
2213	1
2232	1
2245	1
2247	1
2251	1
2274	1
2305	1
2311	1
2313	1
2338	1
2339	1
2353	1
2358	1
2367	1
2381	1
2388	1
2439	1
2530	1
2538	1
2566	1
2567	1
2590	1
2615	1
2630	1
2640	1
2660	1
2704	1
2738	1
2766	1
2771	1
2795	1
2796	1
2802	1
2804	1
2824	1
2832	1
2848	1
2888	1
2911	1
2945	1
2953	2
2971	1
2985	1
2986	1
3014	1
3033	1
3042	1
3068	1
3081	1
3117	1
3178	1
3199	1
3223	1
3225	1
3251	1
3282	1
3283	1
3289	1
3302	1
3310	1
3370	1
3376	1
3410	1
3414	1
3416	1
3449	1
3470	1
3505	1
3515	1
3529	1
3537	1
3582	1
3594	1
3622	1
3623	1
3628	1
3643	1
3665	1
3666	1
3687	1
3712	1
3746	1
3751	1
3767	1
3775	1
3803	1
3844	1
3903	1
3908	1
3949	1
3975	1
3999	1
4004	1
4009	1
4024	1
4042	1
4046	1
4058	1
4111	1
4113	1
4148	1
4169	1
4198	1
4234	1
4248	1
4253	1
4269	1
4288	1
4295	1
4300	1
4301	1
4326	1
4367	1
4375	1
4408	1
4436	1
4479	1
4480	1
4499	1
4522	1
4568	1
4587	1
4595	1
4601	1
4611	1
4627	1
4666	1
4694	1
4724	1
4725	1
4736	1
4742	1
4764	1
4794	1
4831	1
4832	2
4839	1
4930	1
4963	1
4976	1
5000	1
5006	1
5007	1
5024	1
5062	1
5063	1
5103	1
5161	1
5190	1
5227	1
5232	1
5242	1
5263	1
5264	1
5265	1
5268	1
5288	1
5323	1
5390	1
5407	1
5440	1
5469	1
5482	1
5484	1
5485	1
5509	1
5520	2
5548	1
5611	1
5627	1
5628	1
5634	1
5690	1
5695	1
5721	1
5738	1
5741	1
5760	1
5765	1
5773	1
5800	1
5818	1
5831	1
5847	1
5856	1
5875	1
5878	1
5900	2
5907	1
5914	1
5918	1
5940	1
5971	1
5980	1
5988	1
6010	2
6013	1
6052	1
6065	1
6066	1
6088	1
6093	1
6102	1
6108	1
6158	1
6168	1
6220	1
6223	1
6246	1
6265	1
6276	1
6355	1
6367	1
6379	1
6387	2
6479	1
6491	1
6505	1
6511	1
6558	1
6559	1
6561	1
6565	1
6583	1
6586	1
6627	1
6646	1
6650	1
6667	1
6762	1
6770	1
6799	1
6803	1
6849	1
6910	1
6942	1
6952	1
6991	1
6996	1
7008	1
7016	1
7026	1
7042	1
7064	1
7103	1
7114	1
7127	1
7128	1
7139	1
7144	1
7207	1
7219	1
7234	1
7320	1
7325	1
7329	1
7346	1
7355	1
7358	1
7368	1
7378	1
7391	1
7398	1
7440	1
7441	1
7445	1
7475	1
7513	1
7526	1
7543	1
7563	1
7569	1
7590	1
7599	1
7605	1
7628	1
7644	1
7659	1
7671	1
7680	1
7683	1
7696	1
7708	1
7718	1
7722	1
7747	1
7750	1
7775	1
7788	1
7791	1
7803	1
7806	1
7834	1
7839	1
7860	1
7885	1
7902	1
7933	1
7940	1
7947	1
7970	1
8014	1
8023	1
8029	1
8034	1
8057	1
8086	1
8088	1
8100	1
8125	1
8171	1
8232	1
8363	1
8364	1
8367	1
8374	1
8386	1
8398	1
8399	1
8422	1
8463	1
8471	1
8480	1
8484	1
8496	1
8522	1
8538	1
8569	1
8599	1
8611	1
8637	1
8643	1
8672	1
8689	1
8703	1
8726	1
8727	1
8754	1
8782	1
8825	1
8841	1
8873	1
8881	1
8931	1
8937	1
8950	1
8962	1
8990	1
8998	1
9010	1
9013	1
9019	1
9043	1
9057	1
9059	1
9060	1
9134	1
9136	1
9155	1
9160	1
9163	1
9190	1
9214	1
9225	1
9228	1
9238	1
9253	1
9261	1
9342	1
9361	1
9368	2
9391	1
9398	1
9413	1
9420	1
9423	2
9424	1
9435	1
9462	1
9480	1
9486	1
9595	1
9654	1
9675	1
9681	1
9682	1
9686	1
9694	1
9724	1
9743	1
9744	1
9781	1
9784	1
9790	1
9806	1
9815	1
9856	1
9869	1
9902	1
9925	1
9962	1
10005	1
10082	1
