102	1
104	1
115	1
121	1
195	1
212	1
219	1
232	1
251	1
262	1
277	1
284	1
352	1
362	1
368	1
390	1
413	1
421	1
425	1
474	1
544	1
567	1
577	1
584	1
604	1
630	1
638	1
646	1
678	1
686	1
722	1
746	1
752	1
770	1
777	1
808	1
855	1
887	1
892	1
915	1
928	1
936	1
939	1
962	1
966	1
975	1
990	1
993	1
994	1
1030	1
1051	1
1056	1
1064	1
1098	1
1105	1
1112	1
1120	1
1131	1
1142	1
1158	1
1188	1
1198	1
1200	1
1255	1
1290	1
1305	1
1361	1
1369	1
1402	1
1407	1
1418	1
1447	1
1471	1
1475	1
1476	1
1551	1
1596	1
1620	1
1631	1
1632	1
1633	1
1721	1
1732	1
1742	1
1777	1
1786	1
1790	1
1792	1
1869	1
1900	1
1942	1
2027	1
2032	1
2042	1
2044	1
2062	1
2139	1
2148	1
2150	1
2168	1
2171	1
2173	1
2265	1
2274	1
2281	1
2292	1
2313	1
2343	1
2349	1
2400	1
2424	1
2425	1
2462	1
2472	1
2478	1
2490	1
2501	1
2524	1
2559	1
2600	1
2637	1
2722	1
2758	1
2812	1
2943	2
2973	1
2980	1
2993	1
3020	1
3022	1
3067	1
3071	1
3096	1
3104	1
3107	1
3116	1
3122	1
3138	1
3139	1
3160	1
3169	1
3227	1
3245	1
3249	1
3286	1
3323	1
3326	1
3338	1
3339	1
3364	1
3370	1
3379	1
3388	1
3401	2
3410	1
3412	1
3413	1
3434	1
3551	1
3572	1
3609	1
3626	1
3679	1
3681	1
3690	1
3709	1
3724	1
3726	1
3740	1
3743	1
3749	1
3756	1
3757	1
3778	1
3796	1
3804	1
3821	1
3826	1
3839	1
3867	1
3884	1
3933	1
3941	1
3949	1
3969	1
3972	1
4065	1
4068	1
4254	1
4280	1
4311	1
4350	1
4355	1
4393	1
4394	1
4411	1
4427	1
4437	1
4444	1
4446	1
4496	1
4535	1
4541	1
4607	1
4633	1
4671	1
4698	1
4709	1
4751	1
4762	1
4769	1
4778	1
4780	1
4808	1
4815	1
4839	1
4845	1
4905	1
4955	1
4963	1
4987	1
4990	1
5001	1
5029	1
5077	1
5133	1
5182	1
5190	1
5226	1
5254	1
5318	1
5347	1
5395	1
5401	1
5411	1
5454	1
5457	2
5462	1
5474	1
5477	1
5499	1
5527	1
5563	1
5573	1
5614	1
5615	1
5638	1
5682	1
5697	2
5730	1
5738	2
5740	1
5741	1
5755	1
5787	1
5839	1
5869	1
5904	1
5937	1
5939	1
5940	1
5986	1
6004	1
6005	1
6007	1
6052	1
6063	1
6076	2
6081	1
6100	1
6113	1
6129	1
6168	1
6207	1
6246	1
6259	1
6274	1
6277	1
6306	1
6396	1
6511	1
6520	1
6533	1
6537	1
6539	1
6557	1
6561	1
6582	1
6584	1
6587	1
6604	1
6612	1
6627	1
6628	1
6652	1
6695	1
6708	1
6728	1
6729	1
6748	1
6749	1
6772	1
6800	1
6803	1
6832	1
6844	1
6865	1
6927	1
6929	1
6935	1
6952	1
6969	1
6990	1
7070	1
7073	1
7091	1
7100	1
7112	1
7120	1
7134	1
7159	1
7160	1
7177	1
7210	1
7212	1
7276	1
7296	1
7299	2
7354	1
7441	1
7479	1
7486	1
7508	2
7519	1
7544	1
7565	1
7570	1
7582	1
7583	1
7595	1
7605	1
7606	1
7681	1
7725	1
7730	1
7768	1
7774	2
7777	1
7787	1
7817	1
7818	1
7854	1
7887	1
7971	1
7976	1
8018	1
8038	1
8046	1
8050	1
8065	1
8078	1
8081	1
8092	1
8102	1
8112	1
8120	1
8135	1
8158	1
8166	1
8172	1
8176	1
8179	1
8204	1
8242	1
8264	1
8265	1
8277	1
8279	1
8290	1
8319	1
8354	1
8355	1
8365	1
8390	1
8393	1
8413	1
8470	1
8516	1
8558	1
8573	1
8620	1
8674	1
8701	1
8775	1
8814	1
8830	1
8836	1
8856	1
8861	1
8956	1
8957	1
8967	1
9018	1
9036	1
9059	1
9063	1
9087	1
9094	1
9105	1
9109	1
9121	1
9136	1
9182	1
9187	1
9215	1
9270	1
9324	1
9328	1
9377	1
9381	1
9392	1
9399	1
9403	1
9407	1
9414	1
9430	1
9443	1
9471	1
9500	1
9501	1
9540	1
9546	1
9569	1
9606	1
9628	1
9653	1
9670	1
9672	1
9680	1
9692	1
9693	1
9703	1
9704	1
9720	1
9728	1
9762	1
9766	1
9767	1
9775	1
9788	1
9793	1
9838	1
9843	1
9885	1
9887	1
9919	1
9949	3
9963	1
10061	1
10066	1
10103	1
10104	1
10110	1
10122	1
10159	1
10170	1
10220	1
10228	1
10282	1
10284	1
10306	1
10318	1
10334	1
10361	1
10387	1
10425	1
10434	1
10472	1
10489	1
10516	1
10531	1
10543	1
10566	1
10569	1
10624	1
10715	1
10726	1
10730	1
10732	1
10752	1
10765	1
10776	1
10788	1
10792	1
10838	1
10865	1
10874	1
10877	1
10939	1
10953	1
10981	1
