16	1
22	1
24	1
39	1
51	1
109	1
110	1
120	1
122	1
124	1
125	1
144	1
151	1
244	1
258	1
270	1
296	1
298	1
315	1
321	1
363	1
438	1
452	1
460	1
530	1
536	1
554	1
573	1
588	1
616	1
630	1
640	1
653	1
654	1
658	1
703	1
710	1
713	2
733	1
779	1
805	1
809	1
860	1
869	1
903	1
909	1
952	1
963	1
988	1
1013	1
1041	1
1047	1
1048	1
1073	2
1111	1
1139	1
1181	1
1265	1
1292	1
1369	1
1400	1
1423	1
1440	1
1488	1
1507	1
1531	1
1542	1
1564	1
1610	1
1648	1
1656	1
1659	1
1666	1
1669	1
1698	1
1699	1
1713	1
1734	1
1741	1
1751	1
1760	1
1798	1
1799	1
1802	1
1809	1
1810	1
1862	1
1868	1
1880	1
1898	1
1902	1
1906	1
1940	1
1954	1
1981	1
2003	1
2033	1
2037	1
2077	1
2088	1
2099	1
2125	1
2135	1
2169	1
2174	1
2176	1
2230	1
2239	1
2277	1
2281	1
2292	1
2302	1
2383	1
2393	1
2409	1
2427	1
2432	1
2462	1
2468	1
2482	1
2487	1
2526	1
2557	1
2574	1
2581	1
2585	1
2590	1
2636	1
2638	1
2699	1
2733	1
2748	1
2749	1
2791	1
2799	1
2820	1
2855	1
2869	1
2964	1
2971	1
2984	1
2994	1
3040	1
3043	1
3064	1
3066	1
3082	1
3089	1
3094	1
3096	1
3097	1
3118	1
3137	1
3151	1
3154	1
3225	1
3291	1
3311	1
3324	1
3350	1
3357	1
3402	1
3405	1
3413	1
3500	2
3509	1
3523	1
3547	1
3548	1
3552	1
3568	1
3583	1
3585	1
3675	1
3692	2
3719	2
3723	1
3739	1
3759	1
3910	1
3919	1
3950	1
3980	1
3987	2
4022	1
4029	1
4041	2
4051	1
4061	1
4114	1
4132	1
4163	1
4174	1
4177	1
4215	1
4232	1
4238	1
4272	1
4287	1
4300	2
4316	1
4321	1
4365	1
4375	1
4412	1
4460	1
4467	1
4473	1
4502	1
4506	1
4515	1
4518	1
4546	1
4597	1
4632	1
4683	1
4714	1
4745	1
4760	1
4779	1
4835	1
4844	1
4869	1
4878	1
4887	1
4906	1
4907	1
4971	1
4989	1
5009	1
5034	2
5042	1
5069	1
5082	1
5108	1
5109	1
5123	1
5146	1
5191	1
5226	1
5245	1
5246	1
5289	1
5291	1
5300	1
5305	1
5306	1
5324	1
5364	1
5376	1
5388	1
5437	1
5450	1
5452	1
5454	1
5470	1
5555	1
5582	1
5593	1
5615	1
5648	1
5698	1
5702	2
5754	1
5759	1
5771	1
5774	1
5795	1
5805	1
5815	1
5843	1
5844	1
5862	1
5864	1
5871	1
5877	1
5887	1
5888	2
5937	1
5939	1
5954	1
5961	1
5975	1
6018	1
6020	1
6080	1
6162	1
6194	1
6218	1
6259	1
6265	1
6287	1
6302	1
6316	1
6361	1
6383	1
6404	1
6405	1
6415	1
6422	1
6426	1
6433	1
6488	1
6511	1
6552	1
6578	1
6579	1
6586	1
6598	1
6611	1
6620	1
6658	1
6759	1
6768	1
6773	1
6866	1
6879	1
6895	1
6901	1
6912	1
6915	1
6926	1
6927	1
6935	1
6949	1
6978	1
6988	1
7017	1
7032	1
7044	1
7047	1
7051	1
7068	1
7106	1
7116	1
7126	1
7128	1
7132	1
7138	1
7177	1
7179	1
7183	2
7184	1
7205	1
7218	1
7224	1
7250	1
7259	1
7265	1
7283	1
7291	1
7305	1
7334	1
7445	1
7452	1
7470	1
7516	1
7534	1
7536	1
7542	1
7567	1
7574	1
7598	1
7607	1
7640	1
7646	1
7654	1
7655	1
7663	1
7691	1
7702	1
7716	2
7723	1
7766	1
7799	1
7852	1
7861	1
7915	1
7921	1
7963	1
7973	1
7981	1
7994	1
8004	2
8006	1
8019	1
8035	1
8052	1
8069	2
8075	1
8080	1
8085	1
8087	1
8110	1
8135	1
8154	1
8159	1
8165	1
8169	1
8178	1
8209	1
8220	1
8230	1
8328	1
8329	1
8368	1
8389	1
8396	1
8411	1
8416	1
8423	1
8441	1
8444	1
8462	1
8538	1
8557	1
8584	1
8588	1
8594	1
8598	1
8601	1
8606	1
8616	1
8631	1
8639	1
8667	1
8679	1
8714	1
8731	1
8753	1
8774	1
8797	1
8817	1
8820	1
8866	1
8868	1
8928	1
8932	1
8947	1
9007	1
9044	1
9050	1
9070	1
9071	1
9074	1
9079	1
9081	1
9126	1
9151	1
9152	1
9158	1
9164	1
9213	1
9220	1
9253	1
9254	1
9346	1
9376	1
9411	1
9414	1
9423	1
9450	1
9456	1
9489	1
9515	1
9537	1
9538	1
9582	1
9616	1
9625	1
9626	1
9646	1
9675	1
9678	1
9684	1
9690	1
9694	1
9730	1
9758	1
9816	1
9858	1
9905	1
9907	1
9937	1
9954	1
9982	1
9990	1
10009	1
10014	1
10022	1
10041	1
10048	1
10127	1
10130	1
10157	1
10183	1
10229	1
