2	1
31	1
41	1
42	1
69	1
71	1
83	1
95	1
104	1
148	1
175	1
199	1
211	1
218	1
221	1
297	1
321	1
349	1
356	1
361	1
396	1
416	1
439	1
444	1
527	1
544	1
553	1
559	2
613	1
668	1
686	1
719	1
768	1
787	1
805	1
811	1
823	1
855	1
858	1
918	1
955	1
960	1
1002	1
1003	1
1083	1
1105	1
1118	1
1123	1
1132	1
1187	1
1239	1
1244	1
1297	1
1334	1
1337	1
1362	1
1383	1
1394	1
1467	1
1529	1
1540	1
1543	1
1570	1
1576	2
1582	1
1586	1
1597	1
1623	1
1693	1
1719	1
1742	2
1753	1
1760	1
1784	1
1805	1
1813	1
1827	1
1842	1
1857	1
1883	1
1916	1
1935	1
1938	1
1944	1
1954	1
1972	1
1985	1
1992	1
1996	1
1998	1
2011	1
2072	1
2073	1
2081	1
2088	1
2124	1
2144	1
2212	2
2216	1
2236	1
2239	1
2249	1
2250	1
2259	2
2261	1
2270	1
2305	1
2306	1
2315	1
2370	1
2381	1
2405	1
2511	1
2538	1
2550	1
2583	1
2587	1
2601	1
2668	1
2682	1
2686	1
2717	1
2719	1
2734	1
2753	1
2763	1
2786	1
2825	1
2828	1
2846	1
2851	2
2853	1
2887	1
2892	1
2897	2
2936	1
2938	1
2942	1
2945	1
2966	1
2986	1
2993	1
3004	1
3013	1
3065	1
3072	1
3111	1
3122	1
3155	1
3193	1
3206	1
3223	1
3233	1
3235	1
3240	1
3247	1
3258	1
3264	1
3268	1
3296	1
3316	1
3363	1
3375	1
3378	1
3430	1
3449	1
3456	1
3463	1
3509	1
3542	1
3544	1
3628	1
3675	1
3678	1
3694	1
3717	1
3722	1
3734	1
3775	1
3804	1
3825	1
3842	1
3850	1
3857	1
3923	1
3927	1
3951	1
3980	1
3995	1
4010	1
4058	1
4064	1
4085	1
4091	1
4093	1
4095	1
4108	1
4141	1
4189	1
4209	1
4212	1
4267	1
4278	1
4309	1
4329	2
4355	1
4358	1
4398	1
4440	1
4442	1
4445	1
4525	1
4552	1
4584	1
4603	1
4633	1
4652	1
4672	1
4678	1
4711	1
4736	1
4738	1
4778	1
4799	1
4846	1
4895	1
4955	1
4958	1
4967	1
4974	1
4983	1
5007	1
5022	1
5025	1
5027	1
5029	1
5031	1
5034	1
5053	1
5086	1
5093	1
5107	1
5109	1
5110	1
5142	1
5148	1
5159	1
5172	1
5209	1
5218	1
5220	1
5250	1
5258	1
5271	1
5274	1
5276	1
5284	1
5319	1
5345	1
5391	1
5407	1
5415	1
5439	1
5458	1
5468	1
5521	1
5524	1
5531	1
5538	1
5565	1
5610	1
5611	1
5631	1
5646	1
5671	1
5677	1
5686	1
5713	1
5728	1
5769	1
5774	1
5779	1
5781	1
5823	1
5829	1
5841	1
5856	1
5860	1
5902	1
5959	1
6000	1
6007	1
6016	1
6021	1
6159	1
6186	1
6197	1
6207	1
6213	1
6233	1
6245	1
6283	1
6291	1
6293	1
6326	1
6364	1
6395	1
6432	1
6435	1
6448	1
6460	2
6488	1
6526	1
6546	1
6563	1
6566	1
6574	1
6597	1
6612	1
6619	1
6632	1
6642	1
6673	1
6676	1
6680	1
6698	1
6715	1
6768	1
6799	1
6825	1
6846	1
6853	2
6854	1
6911	1
6913	1
6929	1
6935	1
6937	1
6962	1
6994	1
6999	1
7014	1
7048	1
7050	1
7054	1
7094	1
7118	2
7137	1
7174	1
7180	1
7192	1
7235	1
7242	1
7333	1
7334	1
7348	1
7351	2
7377	1
7432	1
7449	1
7468	1
7542	1
7543	1
7549	1
7557	1
7605	1
7606	1
7607	1
7608	1
7645	1
7647	1
7656	1
7696	1
7697	1
7700	1
7704	1
7729	1
7740	1
7742	1
7798	1
7870	1
7924	1
7934	1
7961	1
7976	1
7992	1
8003	1
8009	1
8056	1
8108	1
8122	2
8134	1
8137	1
8138	1
8149	1
8151	1
8187	1
8190	1
8218	1
8230	1
8236	1
8246	1
8292	1
8369	1
8434	1
8458	1
8465	1
8514	1
8536	1
8543	1
8557	1
8615	1
8638	1
8657	1
8686	1
8688	1
8713	1
8728	1
8763	1
8774	1
8777	1
8801	1
8835	1
8838	1
8844	1
8856	1
8877	1
8896	1
8914	1
8924	1
8986	1
9017	1
9039	2
9055	1
9098	1
9100	1
9115	1
9134	1
9157	1
9168	1
9218	1
9229	1
9236	1
9242	1
9253	1
9262	1
9269	1
9272	1
9273	1
9329	1
9335	1
9378	1
9463	1
9465	1
9485	1
9514	1
9537	1
9568	1
9581	1
9587	1
9595	1
9620	2
9626	1
9653	1
9657	1
9667	1
9713	1
9739	2
9761	1
9800	1
9824	1
9844	1
9849	1
9864	1
9894	1
9909	1
9926	1
9939	1
9942	1
9946	1
9961	1
9976	1
9983	1
9999	1
10010	1
10023	1
10029	1
10033	1
10039	1
10044	1
10058	1
10060	1
10073	1
10075	1
10103	1
10112	1
