0	1
11	1
63	1
97	1
103	1
122	1
126	1
138	1
167	1
183	1
187	1
207	1
215	1
232	1
240	1
263	1
277	1
296	1
373	1
374	1
381	1
389	1
422	1
501	1
519	1
540	1
542	1
587	1
618	1
641	1
687	1
699	1
707	1
726	1
770	1
793	1
808	1
864	2
879	1
886	1
900	2
954	1
996	1
999	1
1006	1
1038	1
1064	1
1074	1
1100	1
1128	1
1134	1
1216	1
1222	1
1225	1
1240	1
1248	1
1250	1
1285	1
1345	1
1356	1
1409	1
1424	1
1453	1
1463	1
1472	1
1502	1
1511	1
1516	1
1521	1
1557	1
1566	1
1574	1
1576	1
1585	1
1588	1
1610	1
1615	1
1631	1
1663	1
1673	1
1677	1
1678	1
1693	1
1695	1
1718	1
1726	1
1753	1
1776	1
1789	1
1799	1
1816	1
1849	1
1853	1
1917	1
1928	1
1940	1
1949	1
2016	1
2057	1
2071	1
2075	1
2092	1
2105	1
2111	1
2132	1
2163	1
2179	1
2192	1
2205	1
2208	1
2219	1
2225	1
2280	1
2329	1
2343	1
2372	1
2378	1
2391	1
2392	1
2399	1
2408	1
2426	1
2473	1
2482	1
2484	1
2538	1
2561	1
2590	1
2619	1
2633	1
2668	1
2675	1
2728	1
2762	1
2775	1
2776	1
2782	1
2787	1
2793	1
2799	1
2806	1
2816	1
2834	1
2846	1
2850	1
2858	1
2873	1
2874	1
2884	1
2887	1
2895	1
2897	1
2901	1
2966	1
2988	1
3005	1
3055	1
3132	1
3141	1
3144	1
3148	1
3152	1
3153	1
3176	1
3187	1
3220	1
3238	2
3245	1
3254	1
3317	2
3331	1
3335	1
3338	1
3365	1
3385	1
3395	1
3401	1
3421	1
3450	1
3478	1
3504	1
3518	1
3523	1
3546	1
3550	1
3551	1
3606	1
3621	1
3627	1
3629	1
3649	1
3657	1
3677	1
3690	1
3694	1
3755	1
3756	1
3777	1
3787	1
3788	2
3808	1
3848	1
3849	1
3851	1
3856	1
3868	1
3893	1
3927	1
3945	1
3963	1
3995	1
3996	1
4013	1
4016	1
4029	1
4105	1
4116	1
4117	1
4130	1
4197	1
4245	1
4305	1
4315	1
4330	1
4377	1
4388	1
4408	1
4415	1
4449	1
4452	1
4499	1
4527	1
4542	1
4553	1
4562	1
4584	1
4592	1
4595	1
4630	1
4639	1
4640	1
4644	1
4651	1
4652	1
4666	1
4689	1
4694	1
4749	1
4768	1
4787	1
4803	2
4806	1
4824	1
4837	1
4839	1
4864	1
4867	1
4901	1
4922	1
4935	1
4946	1
4967	1
4980	1
4981	1
4984	1
4998	1
5001	1
5020	1
5026	1
5033	1
5045	1
5060	1
5063	1
5081	1
5089	1
5123	1
5135	1
5150	1
5151	1
5205	1
5238	1
5241	1
5290	1
5300	1
5310	1
5332	1
5385	1
5412	1
5417	1
5427	1
5439	1
5461	1
5468	1
5517	1
5549	1
5566	1
5582	1
5592	1
5597	1
5607	1
5620	1
5622	1
5623	1
5628	1
5637	1
5672	1
5677	1
5688	1
5708	1
5723	1
5829	1
5830	1
5838	1
5840	1
5848	1
5862	1
5875	1
5905	1
5909	1
5928	2
5953	1
5956	1
5984	1
6075	1
6121	1
6129	1
6144	1
6148	1
6225	1
6284	1
6293	1
6319	1
6338	1
6359	1
6369	1
6370	1
6376	1
6407	1
6442	1
6473	1
6480	1
6494	1
6539	1
6617	1
6633	1
6634	1
6645	1
6662	1
6691	1
6698	1
6710	1
6741	1
6743	1
6751	1
6766	1
6784	1
6800	1
6817	1
6854	1
6877	1
6946	1
6961	1
6968	1
7021	1
7022	1
7032	1
7051	1
7131	1
7137	1
7140	1
7178	1
7184	2
7215	1
7225	1
7227	1
7228	1
7241	1
7249	1
7268	1
7281	1
7282	1
7292	1
7294	1
7368	1
7377	1
7399	2
7402	1
7461	1
7497	1
7507	1
7523	1
7535	1
7538	1
7564	1
7567	1
7589	1
7601	1
7607	1
7614	1
7626	1
7658	1
7673	1
7695	1
7697	1
7711	1
7713	1
7718	1
7724	1
7788	1
7796	1
7805	1
7839	1
7853	1
7910	1
7937	1
7939	1
7958	1
7962	1
8026	2
8040	1
8041	1
8103	1
8116	1
8124	1
8129	1
8132	1
8136	1
8139	1
8176	1
8185	1
8191	1
8221	1
8224	1
8284	1
8305	1
8351	1
8365	1
8403	1
8419	1
8422	1
8434	1
8451	1
8464	1
8479	1
8487	1
8490	1
8540	1
8544	1
8580	1
8606	1
8622	1
8662	1
8678	1
8681	1
8694	1
8730	1
8741	1
8757	1
8764	1
8789	1
8790	1
8832	1
8862	1
8871	1
8915	1
8932	1
8988	1
8991	1
9058	1
9067	1
9071	1
9090	1
9093	1
9122	1
9171	1
9205	1
9228	1
9241	1
9263	1
9283	1
9289	1
9292	1
9309	1
9313	1
9337	1
9348	2
9398	1
9414	1
9415	1
9524	1
9527	1
9529	1
9530	1
9548	1
9584	1
9610	1
9668	1
9679	1
9741	1
9821	1
9845	1
