35	1
38	1
43	1
81	1
136	1
144	1
168	2
185	1
226	1
237	1
331	1
348	1
393	1
401	1
427	1
428	1
443	1
454	1
462	1
499	1
558	1
591	1
598	1
638	1
643	1
658	1
687	1
697	1
700	1
716	1
740	1
744	1
754	1
779	1
784	1
808	1
833	1
848	1
849	1
857	1
886	1
887	1
895	1
924	1
950	1
951	1
965	1
977	1
993	1
1009	1
1010	1
1013	1
1040	1
1044	1
1062	1
1080	1
1142	1
1191	1
1192	1
1239	1
1264	1
1270	1
1294	1
1310	1
1371	1
1392	1
1396	1
1426	1
1440	1
1444	1
1456	1
1486	1
1538	1
1571	1
1582	1
1587	1
1592	1
1626	1
1636	2
1663	1
1696	2
1735	1
1784	1
1786	1
1805	1
1829	1
1833	1
1854	1
1863	1
1875	1
1877	1
1890	1
1952	1
1977	1
1995	1
2044	1
2059	1
2076	1
2081	1
2105	1
2112	1
2120	1
2156	1
2164	1
2170	1
2188	1
2219	1
2238	1
2264	1
2325	1
2329	1
2335	1
2356	1
2358	1
2371	1
2450	1
2457	1
2461	1
2517	1
2578	1
2591	1
2607	1
2612	1
2631	1
2648	1
2683	1
2713	1
2728	1
2750	1
2756	1
2772	1
2778	1
2784	1
2786	1
2794	1
2823	1
2861	1
2877	1
2897	1
2900	1
2916	1
2924	1
2940	1
2960	2
2970	1
3087	1
3101	1
3119	1
3239	1
3314	1
3327	1
3331	1
3421	1
3435	1
3439	1
3460	1
3465	1
3468	1
3495	1
3501	1
3513	1
3570	1
3580	1
3602	1
3692	1
3725	1
3786	1
3813	1
3870	1
3876	1
3880	1
3886	1
3899	1
3905	1
3922	1
3924	1
3944	1
3965	1
4015	1
4029	1
4034	1
4038	1
4046	2
4058	1
4084	1
4110	1
4114	1
4128	1
4171	1
4173	1
4185	1
4188	1
4224	1
4266	1
4275	1
4297	1
4307	1
4331	1
4342	1
4360	1
4367	1
4382	1
4400	1
4401	1
4428	1
4443	1
4449	1
4456	1
4471	1
4579	1
4581	1
4594	1
4601	1
4605	2
4606	1
4611	1
4622	1
4623	1
4655	1
4668	1
4700	1
4701	1
4720	1
4751	1
4769	1
4770	1
4783	1
4803	1
4815	1
4823	1
4851	2
4859	1
4871	1
4894	1
4925	1
4934	1
4943	1
4988	1
5016	1
5036	1
5088	1
5104	1
5109	1
5116	1
5123	1
5130	1
5132	1
5148	2
5160	1
5163	1
5182	1
5184	1
5208	1
5260	1
5273	1
5279	1
5283	1
5290	1
5309	1
5342	1
5352	1
5394	1
5396	1
5417	1
5420	1
5425	1
5428	1
5490	1
5495	1
5499	1
5500	1
5517	1
5527	1
5528	1
5530	1
5557	1
5574	1
5587	1
5616	1
5638	1
5639	1
5670	1
5704	1
5705	1
5738	1
5741	1
5745	1
5750	1
5751	1
5797	1
5806	1
5816	1
5820	1
5829	1
5892	1
5932	1
5942	1
5948	1
5973	1
5978	1
5999	1
6023	1
6030	1
6046	1
6054	1
6061	1
6062	1
6072	1
6087	1
6091	1
6116	1
6128	1
6137	1
6187	1
6203	1
6207	1
6214	1
6260	1
6291	1
6299	1
6333	1
6343	1
6362	1
6374	1
6408	1
6434	1
6441	1
6449	1
6482	1
6540	1
6549	1
6550	1
6585	1
6595	1
6629	1
6664	1
6678	1
6727	1
6729	1
6755	1
6782	1
6847	1
6865	1
6866	1
6869	1
6877	1
6886	1
6894	1
6944	1
6947	1
6986	1
7001	1
7008	1
7022	1
7044	1
7059	1
7061	1
7070	1
7079	1
7089	1
7105	1
7162	1
7182	1
7211	1
7220	1
7223	1
7258	1
7266	1
7268	1
7270	1
7299	1
7320	1
7374	1
7391	1
7401	1
7429	1
7432	1
7449	1
7461	1
7469	1
7474	1
7481	1
7517	1
7554	1
7595	1
7606	1
7608	1
7618	1
7626	1
7645	1
7653	1
7710	1
7718	1
7752	1
7805	1
7808	1
7821	1
7895	1
8028	1
8033	1
8060	1
8074	1
8075	1
8092	1
8097	1
8110	1
8170	1
8193	1
8201	1
8226	1
8235	1
8238	1
8247	1
8252	1
8284	1
8292	1
8309	1
8368	1
8391	1
8404	2
8417	1
8492	1
8508	1
8513	1
8561	1
8568	1
8572	1
8594	1
8595	1
8596	1
8614	1
8633	1
8636	1
8637	1
8642	1
8648	1
8657	1
8675	1
8706	1
8708	1
8736	1
8758	1
8770	1
8782	1
8784	1
8814	1
8827	1
8829	1
8830	1
8835	1
8882	1
8905	1
8906	1
8933	1
8972	1
8974	1
9013	1
9036	1
9039	1
9088	1
9123	1
9141	2
9153	1
9164	1
9195	1
9200	1
9212	1
9222	1
9224	1
9234	1
9277	1
9280	1
9300	1
9329	1
9335	1
9356	1
9401	1
9403	1
9423	1
9448	1
9453	3
9477	1
9486	1
9488	1
9491	1
9509	1
9520	1
9526	1
9533	1
9549	1
9552	1
9580	1
9589	1
9611	1
9625	1
9684	1
9691	1
9708	1
9709	1
9712	1
