9	1
10	1
11	1
19	1
42	1
70	1
76	1
142	1
154	1
158	1
207	1
218	1
225	1
246	1
259	1
261	1
262	1
280	1
283	1
322	2
331	1
356	1
423	1
437	1
481	1
515	1
535	1
593	1
595	1
633	1
634	1
638	2
684	1
692	1
705	1
725	1
737	1
747	1
764	1
766	1
814	1
825	1
841	1
880	1
884	1
907	2
931	1
959	1
1002	1
1030	1
1046	1
1053	1
1059	1
1070	1
1074	1
1090	1
1097	1
1146	1
1149	1
1178	1
1182	1
1197	2
1237	1
1249	1
1277	1
1279	2
1280	1
1346	1
1366	1
1374	1
1420	1
1427	1
1440	1
1463	1
1474	1
1512	2
1530	1
1534	1
1581	1
1618	1
1624	1
1634	1
1650	1
1678	2
1718	1
1757	1
1827	1
1832	1
1835	1
1891	1
1893	1
1894	1
1916	1
1964	1
1975	1
1990	1
2000	1
2003	1
2061	1
2100	1
2114	1
2124	1
2168	1
2199	1
2206	1
2217	1
2229	1
2230	1
2235	1
2288	1
2351	1
2416	1
2422	1
2457	1
2481	1
2490	1
2508	1
2522	1
2548	1
2568	1
2611	1
2628	1
2639	1
2687	1
2715	1
2746	1
2762	1
2769	1
2771	1
2773	1
2783	1
2817	1
2820	1
2825	1
2843	1
2860	1
2867	1
2886	1
2887	1
2937	1
2959	1
2985	1
2993	1
3045	1
3062	1
3070	1
3107	1
3118	1
3147	1
3156	1
3175	1
3238	1
3244	1
3274	1
3283	1
3312	1
3337	1
3353	1
3367	1
3411	1
3417	1
3420	1
3430	1
3485	1
3514	1
3559	1
3568	1
3590	1
3604	1
3619	1
3655	1
3690	1
3693	1
3699	1
3719	1
3750	1
3755	1
3791	1
3831	1
3832	1
3840	1
3849	1
3856	1
3859	1
3878	1
3893	1
3912	1
3926	1
3942	1
3946	1
3959	1
3960	1
4018	1
4025	1
4085	1
4093	1
4104	1
4172	1
4189	1
4205	1
4219	1
4234	1
4267	1
4288	1
4301	1
4326	1
4332	1
4378	1
4403	1
4405	1
4437	1
4473	1
4489	1
4497	1
4498	1
4499	1
4528	1
4568	1
4572	1
4581	1
4605	1
4608	2
4630	1
4663	1
4688	1
4707	1
4742	1
4753	1
4793	1
4799	1
4838	1
4873	1
4898	1
4937	1
4940	1
4965	1
4975	1
4981	1
5040	1
5052	1
5054	1
5078	1
5083	1
5155	2
5189	1
5273	1
5278	2
5288	1
5292	1
5336	1
5365	1
5375	1
5433	1
5444	1
5453	1
5467	1
5468	1
5498	1
5539	1
5572	1
5579	1
5580	1
5588	1
5724	1
5731	1
5733	1
5739	1
5761	1
5780	1
5829	1
5842	1
5843	1
5850	1
5863	1
5886	1
5906	1
5954	1
5960	1
5977	1
5992	1
6005	1
6030	1
6035	1
6093	1
6106	1
6126	1
6134	1
6157	1
6189	1
6196	1
6221	1
6240	1
6274	1
6287	1
6291	1
6295	1
6322	1
6325	1
6343	1
6368	1
6386	1
6389	1
6400	1
6429	1
6456	1
6522	1
6564	1
6596	1
6597	1
6620	1
6630	1
6642	1
6650	1
6660	1
6661	1
6673	1
6695	1
6748	1
6753	1
6768	1
6773	1
6783	1
6791	1
6792	1
6832	1
6868	1
6877	1
6885	1
6900	1
6902	1
6921	1
6927	1
6951	1
6960	1
7015	1
7029	1
7071	2
7090	1
7093	1
7098	1
7103	1
7124	1
7133	1
7138	1
7165	1
7223	1
7240	1
7253	1
7266	1
7268	1
7402	1
7430	1
7440	1
7454	1
7473	1
7475	1
7520	1
7549	1
7574	1
7583	1
7591	1
7643	1
7648	1
7660	1
7675	1
7718	1
7737	1
7782	1
7792	1
7822	1
7845	1
7871	1
7890	1
7900	1
7902	1
7914	1
7943	1
7983	1
8004	1
8036	1
8076	1
8079	1
8080	1
8095	1
8103	1
8137	1
8166	1
8204	1
8216	1
8222	1
8296	2
8301	1
8319	1
8330	1
8353	1
8366	1
8432	1
8441	1
8477	1
8487	1
8518	1
8566	1
8621	1
8644	1
8662	1
8672	1
8678	1
8694	1
8711	1
8841	1
8891	1
8899	1
8913	1
8933	1
8955	1
8973	1
8989	1
8995	1
9013	1
9016	1
9024	1
9033	1
9034	1
9035	1
9064	1
9070	1
9084	1
9126	1
9132	1
9136	1
9141	1
9174	1
9197	1
9227	1
9310	1
9315	1
9352	1
9371	1
9398	1
9409	1
9459	1
9464	1
9471	1
9473	1
9518	1
9543	1
9564	1
9586	1
9609	1
9629	1
9651	1
9656	1
9676	1
9678	1
9687	1
9700	1
9714	1
9722	1
9759	1
9791	1
9793	1
9798	1
9832	1
9849	1
9860	1
9868	1
9933	1
9934	1
9950	1
9952	1
9954	1
9956	1
9982	1
9998	1
10078	2
10097	1
10111	1
10131	1
10152	1
10166	1
10237	1
10260	1
10261	1
10273	1
10282	1
10313	1
10317	2
10320	1
10330	1
10335	1
10353	1
10357	1
10394	1
10444	1
10477	1
10485	1
10507	1
10525	1
