40	1
105	1
107	1
114	1
120	1
144	1
158	1
179	1
180	1
188	1
219	1
227	1
269	1
273	1
275	1
286	1
314	1
316	1
325	1
351	1
354	1
360	1
372	1
376	1
380	1
395	1
406	1
428	1
441	1
453	1
498	1
510	1
515	1
563	1
574	1
576	1
603	1
614	1
652	1
673	1
675	1
703	1
728	2
747	1
805	1
811	1
812	1
822	1
823	1
843	1
852	1
859	1
895	1
913	1
923	1
951	2
953	1
971	1
998	1
1011	1
1049	1
1059	1
1073	1
1080	1
1092	1
1108	1
1113	1
1175	1
1213	1
1247	1
1259	1
1263	1
1277	1
1332	1
1368	1
1390	1
1413	1
1434	1
1476	1
1514	1
1523	1
1529	1
1547	1
1561	1
1578	1
1627	1
1653	1
1763	1
1807	1
1811	1
1830	1
1873	1
1981	1
2007	1
2010	1
2016	1
2018	1
2021	1
2026	1
2064	1
2092	1
2110	1
2118	1
2133	1
2179	1
2187	1
2203	1
2232	1
2263	1
2431	1
2432	1
2456	1
2466	1
2468	1
2486	1
2507	1
2530	1
2560	1
2585	1
2587	1
2591	1
2598	1
2606	1
2632	1
2659	1
2660	1
2681	1
2728	1
2765	1
2824	1
2844	1
2898	1
2934	1
2986	1
2993	1
2994	1
3051	1
3053	1
3086	1
3109	1
3160	1
3165	1
3191	1
3213	1
3236	1
3238	1
3307	1
3372	1
3377	1
3381	1
3387	1
3395	1
3401	1
3466	1
3467	1
3473	1
3514	1
3578	1
3635	1
3662	1
3672	1
3687	1
3703	1
3711	1
3750	1
3756	1
3771	1
3828	1
3868	1
3894	1
3909	1
3914	1
3930	1
3932	1
3949	1
3971	1
4007	1
4009	1
4023	1
4039	1
4061	1
4073	1
4084	1
4112	2
4125	1
4140	1
4172	1
4179	1
4187	1
4197	1
4202	1
4240	1
4262	1
4286	1
4300	1
4331	1
4340	1
4347	1
4363	1
4372	1
4394	1
4399	1
4401	1
4405	1
4407	1
4414	1
4423	1
4438	1
4460	1
4470	1
4486	1
4499	1
4508	1
4543	1
4575	1
4592	1
4608	1
4660	1
4678	1
4699	1
4715	1
4720	1
4729	1
4758	1
4775	1
4802	1
4874	1
4888	1
4902	1
4906	1
4940	1
4960	1
5057	1
5058	1
5089	1
5093	1
5105	1
5109	1
5125	1
5139	1
5172	1
5183	1
5186	1
5191	1
5260	1
5306	1
5330	1
5342	1
5357	1
5371	1
5372	1
5391	1
5392	1
5393	1
5396	1
5407	1
5449	1
5456	1
5500	1
5501	1
5523	1
5618	1
5621	1
5631	1
5650	1
5718	1
5721	1
5726	1
5744	1
5824	1
5829	1
5869	1
5882	1
5971	1
5974	1
5975	1
5986	1
6016	1
6048	1
6062	1
6079	1
6081	1
6173	1
6177	1
6203	1
6242	1
6287	1
6292	1
6294	1
6305	1
6318	1
6337	1
6369	1
6402	1
6466	1
6467	1
6472	1
6510	1
6560	1
6663	1
6700	1
6727	1
6730	1
6753	1
6769	1
6786	2
6788	1
6797	1
6811	1
6820	2
6861	1
6868	1
6871	1
6926	1
6929	1
6930	1
6949	1
6957	2
6969	1
6985	1
6998	1
7010	1
7051	1
7061	2
7062	1
7071	1
7072	1
7078	1
7121	1
7135	1
7140	1
7204	1
7281	1
7285	1
7300	1
7312	1
7335	1
7358	1
7434	1
7437	1
7442	1
7447	1
7451	1
7466	1
7468	1
7484	1
7510	1
7556	1
7584	1
7602	1
7620	1
7642	1
7647	1
7651	1
7654	1
7690	1
7698	1
7757	1
7776	1
7789	1
7810	1
7812	1
7819	1
7824	1
7835	1
7895	1
7919	1
7938	1
7972	1
7974	1
7978	1
8006	1
8017	1
8027	1
8049	1
8054	1
8057	1
8088	1
8098	1
8104	1
8122	1
8129	1
8131	1
8145	1
8169	1
8172	1
8185	1
8195	1
8267	1
8299	1
8313	1
8321	1
8327	1
8340	1
8374	1
8388	1
8398	1
8405	1
8422	2
8431	1
8435	1
8460	2
8465	1
8510	1
8526	1
8528	1
8532	1
8537	1
8600	1
8634	1
8636	1
8655	1
8660	1
8695	1
8758	1
8822	1
8856	1
8857	1
8861	1
8864	1
8883	1
8948	1
9012	1
9081	1
9089	1
9189	2
9195	1
9201	1
9202	1
9217	1
9229	1
9243	1
9294	1
9299	1
9335	1
9353	1
9375	1
9399	1
9404	1
9421	1
9422	1
9440	1
9444	1
9461	1
9473	1
9481	1
9507	1
9509	1
9517	1
9537	1
9539	1
9571	1
9575	1
9672	1
9678	1
9680	1
9682	1
9718	1
9739	1
9749	1
9755	1
9779	1
9780	1
9791	1
9793	1
9794	1
9807	1
9819	1
9849	1
9932	1
9949	1
9988	1
10037	1
10057	1
10093	1
10122	1
10180	1
10187	1
10216	1
10238	1
10248	1
10253	1
10273	1
10314	1
10335	1
10384	1
10398	1
10402	1
10428	1
10446	1
10462	1
10492	1
10493	2
10502	1
10509	1
10529	1
10533	1
10549	1
10575	1
10600	1
10617	1
