9	1
29	1
31	1
35	1
55	1
83	1
114	1
160	1
196	1
243	1
267	1
268	1
272	1
274	1
277	1
301	1
323	1
338	1
349	1
366	1
373	1
407	1
409	1
437	1
440	1
442	1
486	1
500	1
510	1
514	1
542	1
553	1
558	1
619	1
626	1
627	1
636	1
651	1
660	1
668	1
670	1
691	1
705	1
723	1
728	1
739	1
747	1
749	1
761	1
762	1
809	1
834	1
840	1
868	1
892	1
908	2
909	1
941	1
948	1
951	1
984	1
1001	1
1112	1
1147	1
1156	2
1177	1
1188	1
1209	1
1215	1
1226	1
1237	1
1245	1
1263	1
1273	1
1280	1
1285	1
1386	1
1402	1
1406	1
1474	1
1521	1
1537	1
1548	1
1569	1
1628	1
1638	1
1644	1
1695	1
1702	1
1707	1
1734	1
1741	1
1799	2
1804	1
1810	1
1887	1
1943	1
1985	1
1999	1
2001	1
2002	1
2019	1
2051	1
2107	1
2145	1
2155	1
2199	1
2257	1
2271	1
2292	1
2304	1
2306	1
2312	1
2314	1
2317	1
2319	1
2331	2
2355	1
2375	1
2414	1
2415	1
2418	1
2445	1
2459	1
2467	1
2502	1
2556	1
2572	1
2616	1
2674	1
2703	2
2759	1
2815	1
2824	1
2853	1
2885	1
2898	1
2910	1
2921	1
3022	1
3024	1
3033	1
3035	1
3038	1
3039	1
3046	1
3085	1
3090	1
3126	1
3165	1
3249	1
3276	1
3293	1
3294	1
3296	1
3318	1
3385	1
3411	1
3412	1
3414	1
3419	1
3459	1
3516	1
3541	1
3567	1
3568	1
3593	1
3618	1
3635	1
3661	1
3668	1
3685	1
3706	1
3710	1
3724	1
3736	1
3758	1
3790	1
3803	1
3810	1
3826	1
3832	1
3842	1
3896	1
3917	1
3939	1
3943	1
3945	1
3958	1
3970	1
3982	1
4024	1
4032	1
4054	1
4079	1
4083	1
4113	1
4177	1
4184	1
4196	1
4212	1
4222	1
4261	1
4262	1
4298	1
4331	1
4387	1
4395	1
4419	1
4420	1
4429	1
4432	1
4439	1
4454	1
4470	1
4479	1
4487	1
4524	1
4533	1
4550	1
4554	1
4582	1
4601	1
4662	1
4705	1
4740	1
4742	1
4780	1
4783	1
4795	1
4829	1
4838	1
4848	1
4897	1
4928	1
4936	1
5002	1
5032	1
5034	1
5054	1
5055	1
5066	1
5099	1
5140	1
5153	1
5163	1
5178	1
5182	1
5216	1
5225	1
5227	1
5242	1
5266	1
5277	1
5280	1
5293	1
5304	1
5310	1
5317	1
5326	2
5360	1
5367	1
5415	1
5420	1
5440	1
5443	1
5444	1
5447	1
5460	1
5510	1
5512	1
5568	1
5591	1
5647	1
5659	1
5664	1
5670	1
5692	1
5713	1
5715	1
5762	1
5795	1
5824	1
5862	1
5875	1
5881	1
5905	1
5939	1
5948	1
5958	1
6140	1
6172	1
6183	1
6185	1
6220	1
6245	1
6363	1
6372	1
6380	1
6453	1
6476	1
6494	1
6504	1
6524	1
6558	1
6593	1
6595	1
6625	1
6629	1
6656	1
6665	1
6685	1
6718	1
6723	1
6731	1
6739	1
6819	1
6823	1
6963	1
6972	1
6989	1
7014	1
7032	1
7055	1
7065	1
7101	1
7112	1
7174	1
7194	1
7223	1
7228	2
7229	1
7261	1
7359	1
7362	1
7373	1
7390	1
7402	1
7407	1
7410	1
7412	1
7465	2
7473	1
7476	1
7489	1
7528	1
7554	1
7585	1
7589	1
7633	1
7643	1
7651	1
7707	1
7708	1
7716	1
7724	1
7741	1
7746	1
7755	1
7782	1
7785	1
7812	2
7816	1
7829	1
7831	1
7850	1
7856	1
7865	1
7870	1
7876	1
7880	2
7912	1
7929	1
7975	1
7995	1
8116	1
8141	1
8153	1
8157	1
8172	1
8187	2
8194	1
8220	1
8242	1
8246	1
8254	1
8272	1
8289	1
8303	1
8356	1
8393	1
8410	1
8426	1
8432	1
8437	1
8471	1
8503	1
8521	1
8531	1
8543	1
8545	1
8551	1
8553	1
8642	1
8650	1
8664	1
8675	1
8703	1
8707	1
8717	1
8739	1
8745	1
8754	1
8774	1
8779	1
8784	1
8796	1
8810	1
8851	1
8877	1
8889	1
8936	1
8941	1
8960	1
8966	1
8996	1
9003	1
9029	1
9044	1
9055	1
9065	1
9136	1
9139	1
9148	1
9174	1
9181	1
9182	1
9190	1
9202	1
9209	1
9213	1
9218	1
9223	1
9237	1
9244	1
9254	1
9261	1
9262	1
9263	1
9273	1
9299	1
9304	1
9319	1
9320	1
9329	1
9332	1
9339	1
9340	1
9353	1
9374	1
9392	1
9434	1
9437	1
9439	1
9447	1
9475	1
9476	1
9538	1
9542	1
9552	1
9576	1
9603	1
9609	1
9617	1
9667	1
9711	1
9717	1
9735	1
9740	1
9781	1
9805	1
9843	1
9858	1
9861	1
9897	1
9950	1
9988	1
10009	1
10031	1
10062	1
10094	1
10117	1
10120	1
10121	1
10164	1
10176	1
10188	1
10261	1
10263	1
10294	1
10314	1
