0	1
4	1
23	1
24	1
65	1
87	1
90	1
126	2
136	1
142	1
167	1
195	1
199	1
214	1
267	1
292	1
305	1
321	1
332	1
334	1
338	1
341	1
356	1
375	1
397	1
400	1
430	1
490	1
515	1
523	1
528	1
532	1
537	1
596	1
734	1
760	1
770	1
772	1
783	1
794	1
830	1
887	1
940	1
954	1
1003	1
1013	1
1030	1
1032	1
1033	1
1034	1
1038	1
1072	1
1076	1
1093	1
1100	1
1115	1
1117	1
1131	1
1134	2
1156	1
1237	1
1246	1
1264	1
1275	1
1291	1
1293	1
1297	1
1302	1
1316	1
1340	1
1364	1
1389	1
1439	1
1449	1
1520	1
1560	1
1578	1
1591	2
1622	1
1651	1
1654	1
1725	1
1728	1
1738	1
1743	1
1784	1
1785	1
1834	1
1843	1
1851	1
1874	1
1884	1
1886	1
1899	1
1909	1
1941	1
1952	1
1953	1
1960	1
1987	1
1995	1
2053	1
2068	1
2088	1
2097	1
2106	1
2127	1
2136	1
2142	1
2176	1
2177	1
2184	1
2217	1
2224	1
2297	1
2305	1
2315	1
2336	1
2371	1
2397	1
2399	1
2407	1
2417	1
2424	1
2439	1
2495	1
2497	1
2515	1
2516	1
2562	1
2602	1
2605	1
2619	1
2661	1
2669	1
2702	1
2772	1
2807	1
2890	1
2904	1
2907	1
2910	1
2991	2
3006	1
3021	2
3025	1
3029	1
3060	1
3094	2
3095	1
3101	1
3108	1
3127	1
3131	1
3144	1
3152	1
3172	1
3173	1
3228	1
3241	1
3269	1
3298	1
3308	1
3348	1
3362	1
3365	1
3373	1
3386	1
3413	1
3417	1
3429	1
3438	1
3444	1
3465	1
3471	1
3486	1
3496	1
3503	1
3510	1
3522	1
3529	1
3548	1
3556	1
3568	1
3600	1
3601	1
3605	1
3661	1
3680	1
3688	1
3689	1
3703	1
3717	1
3727	1
3734	1
3736	1
3739	1
3740	1
3748	1
3868	1
3869	1
3920	1
3932	1
3946	1
3955	1
3968	1
3982	1
3984	1
3993	1
3998	1
4004	1
4019	1
4049	1
4082	1
4089	1
4092	1
4106	1
4114	1
4179	1
4206	1
4207	2
4225	1
4242	1
4283	1
4287	2
4295	1
4301	1
4307	1
4314	1
4330	1
4337	1
4356	1
4366	1
4434	1
4481	1
4517	1
4526	1
4545	1
4554	1
4556	1
4604	1
4618	1
4620	2
4622	1
4673	1
4678	1
4697	1
4722	1
4723	1
4744	1
4752	1
4774	1
4824	1
4840	1
4868	1
4915	1
5009	1
5014	1
5028	1
5057	1
5066	1
5067	1
5102	1
5115	1
5124	1
5137	1
5138	1
5214	1
5228	1
5229	1
5249	1
5261	1
5301	1
5330	1
5338	1
5418	1
5443	1
5445	1
5488	1
5493	1
5515	1
5541	1
5565	1
5584	1
5588	1
5594	1
5608	1
5620	1
5621	1
5631	1
5636	1
5663	1
5668	1
5685	1
5699	1
5703	1
5716	1
5731	2
5736	1
5742	1
5761	1
5809	1
5820	1
5836	1
5843	1
5851	1
5933	1
5967	2
5980	1
6036	1
6069	1
6086	1
6088	1
6095	1
6113	1
6131	1
6135	1
6148	1
6170	1
6174	1
6198	1
6201	1
6277	2
6285	1
6304	1
6311	1
6324	1
6347	1
6363	1
6382	1
6390	1
6398	1
6417	1
6440	1
6449	1
6452	1
6477	1
6485	1
6548	1
6554	1
6590	1
6610	1
6615	1
6674	1
6717	1
6721	1
6722	1
6723	1
6725	1
6780	1
6791	1
6846	1
6882	1
6912	1
6913	1
6945	1
6946	1
6965	1
6975	1
6989	1
7029	1
7077	1
7120	1
7126	1
7130	1
7140	1
7178	1
7200	1
7236	1
7249	1
7250	1
7302	1
7375	1
7387	1
7402	1
7403	1
7430	1
7441	1
7452	1
7461	1
7485	1
7507	1
7516	1
7520	1
7522	1
7525	1
7539	1
7543	1
7592	1
7597	1
7661	1
7681	1
7719	1
7745	1
7822	1
7845	1
7916	1
7927	1
7971	1
7974	1
8017	1
8024	1
8036	1
8070	1
8072	1
8073	1
8097	1
8144	1
8155	1
8180	1
8200	1
8212	1
8250	1
8257	1
8285	1
8292	1
8296	1
8302	1
8306	1
8334	1
8339	2
8376	1
8379	1
8389	1
8397	1
8398	1
8428	1
8452	1
8469	1
8500	1
8541	2
8565	1
8568	1
8588	2
8606	1
8623	1
8648	1
8663	1
8665	1
8716	1
8747	1
8779	1
8814	1
8834	1
8839	1
8868	1
8870	1
8893	1
8926	1
8927	1
8961	1
8972	1
8981	1
9000	1
9004	1
9010	1
9022	1
9031	1
9061	1
9078	1
9123	1
9131	1
9148	1
9163	1
9170	1
9247	1
9252	1
9253	1
9254	1
9274	1
9276	1
9296	1
9344	1
9356	1
9357	1
9369	1
9377	1
9387	1
9390	1
9393	1
9408	1
9418	1
9446	1
9455	1
9462	1
9466	1
9490	1
9523	1
9536	1
9542	1
9543	1
9546	1
9547	1
9561	1
9571	1
9584	1
9617	1
