34	1
73	1
84	1
86	1
87	1
102	1
114	1
145	1
147	1
168	1
177	1
197	1
234	1
262	1
263	1
276	1
310	1
317	1
318	1
327	1
351	1
360	1
387	1
580	1
586	1
590	1
611	1
625	1
630	1
642	1
673	1
681	1
725	1
758	1
770	1
791	1
813	1
866	1
872	1
880	1
885	1
890	1
926	1
929	1
932	1
948	1
972	1
978	1
999	1
1017	1
1026	1
1052	1
1059	1
1061	1
1071	1
1127	1
1130	1
1169	1
1176	1
1231	1
1232	1
1235	1
1238	1
1241	1
1247	1
1323	1
1340	1
1343	1
1395	1
1413	2
1434	1
1435	1
1472	1
1506	1
1519	1
1524	1
1577	1
1619	1
1624	1
1691	1
1694	1
1705	1
1728	1
1730	1
1751	1
1785	1
1796	1
1811	1
1812	1
1813	1
1871	2
1918	1
1952	1
1962	1
2016	1
2090	1
2097	1
2164	1
2170	1
2181	1
2183	1
2192	1
2198	1
2204	1
2228	1
2241	1
2282	1
2300	1
2310	1
2314	1
2344	1
2380	1
2405	1
2444	1
2452	1
2458	1
2464	1
2465	1
2470	1
2473	1
2522	1
2533	1
2542	1
2549	1
2575	1
2606	1
2619	1
2624	1
2626	1
2636	1
2642	1
2646	1
2712	1
2718	1
2724	1
2728	1
2731	1
2735	1
2742	1
2785	1
2839	1
2971	1
2996	1
3012	1
3033	1
3056	1
3058	1
3066	1
3089	1
3093	1
3096	1
3114	1
3124	1
3160	1
3164	1
3177	1
3186	1
3190	1
3204	1
3229	1
3258	1
3278	1
3287	1
3332	1
3333	1
3343	1
3369	1
3414	1
3437	1
3468	1
3481	2
3487	1
3490	2
3512	1
3547	1
3554	1
3563	1
3588	1
3607	1
3620	1
3653	1
3715	1
3739	1
3761	1
3763	1
3783	1
3790	1
3801	1
3835	2
3885	1
3895	1
3938	1
3940	1
3950	1
3957	1
3965	1
3966	1
3983	1
3991	1
3998	1
4004	1
4006	1
4018	1
4021	1
4050	1
4058	1
4094	1
4157	1
4237	1
4248	1
4271	1
4277	1
4301	1
4304	1
4329	1
4349	1
4377	1
4379	1
4382	1
4403	1
4408	1
4493	1
4504	1
4521	1
4540	1
4545	1
4571	1
4583	1
4588	1
4600	1
4619	1
4665	1
4780	1
4792	1
4821	1
4823	1
4824	1
4828	1
4834	1
4845	1
4862	1
4880	1
4905	1
4910	1
4926	1
4953	1
4958	1
4961	1
4986	1
5001	1
5073	1
5097	1
5155	1
5241	1
5247	1
5270	1
5278	1
5325	1
5404	1
5460	1
5568	1
5592	1
5616	1
5644	1
5645	1
5648	1
5671	1
5708	1
5710	1
5717	1
5722	1
5755	1
5771	1
5852	1
5856	1
5874	2
5906	1
5907	1
5908	1
5954	1
5974	1
5976	1
6016	1
6036	1
6049	1
6054	1
6062	1
6067	1
6069	1
6096	1
6109	1
6124	1
6126	1
6155	1
6169	1
6189	1
6199	1
6202	1
6250	1
6257	1
6269	1
6286	1
6336	1
6403	2
6416	1
6419	1
6426	1
6436	1
6453	1
6459	1
6471	1
6487	1
6547	1
6582	1
6594	1
6739	1
6750	1
6756	1
6763	1
6772	1
6777	1
6794	1
6798	1
6808	1
6827	1
6828	1
6841	1
6869	1
6871	1
6916	1
6919	1
6929	1
6958	1
6970	1
6972	1
6987	1
6999	1
7027	1
7076	1
7111	1
7180	1
7195	1
7218	1
7248	1
7258	1
7271	1
7311	1
7351	1
7377	1
7423	1
7428	1
7432	1
7464	1
7465	1
7511	1
7515	1
7518	1
7551	1
7587	1
7595	1
7638	1
7727	1
7735	1
7738	1
7767	1
7788	1
7869	1
7919	1
7932	1
7946	1
7957	1
7958	1
7970	1
8028	2
8035	1
8063	1
8074	1
8084	1
8104	1
8136	1
8144	1
8170	1
8220	1
8262	1
8274	1
8298	1
8304	1
8325	1
8327	1
8357	1
8363	1
8375	1
8376	1
8396	1
8400	1
8424	1
8517	1
8533	1
8537	1
8574	1
8584	1
8606	1
8623	1
8645	1
8694	1
8695	2
8715	1
8745	1
8750	1
8793	1
8796	1
8813	1
8828	1
8848	1
8851	1
8874	1
8917	1
8927	1
8933	1
8938	1
9026	1
9040	1
9076	1
9079	1
9084	1
9121	1
9137	1
9205	1
9207	1
9230	1
9253	1
9263	1
9287	1
9354	1
9357	1
9382	1
9399	1
9414	1
9426	1
9430	1
9439	1
9455	1
9502	1
9518	1
9541	1
9562	1
9571	1
9573	1
9589	1
9605	2
9606	1
9626	1
9659	1
9700	1
9701	1
9726	1
9730	1
9807	1
9829	1
9888	1
9899	1
9910	1
9948	1
9969	1
9971	1
9983	1
9986	1
9995	1
10008	1
10039	1
10070	1
10089	1
10125	1
10155	1
10227	1
10255	1
10293	1
10326	1
10347	1
10356	1
10375	1
10391	1
10398	1
10406	1
10433	1
10444	1
10488	1
10511	1
10535	1
10548	1
10557	1
10567	1
10584	1
10595	1
10598	1
10606	1
10608	1
10611	1
10614	1
10622	1
10623	1
10633	1
