21	1
24	1
38	1
41	1
55	1
87	1
88	1
137	1
163	1
167	1
175	1
179	1
211	1
271	1
320	1
329	1
339	1
381	1
428	1
443	1
484	1
493	1
535	1
617	1
629	1
668	1
681	1
753	1
762	1
784	1
792	2
814	1
817	1
825	1
842	1
850	1
886	1
887	1
893	2
909	1
914	1
965	1
1021	1
1027	1
1032	1
1040	1
1091	1
1114	1
1123	1
1129	1
1154	1
1222	1
1276	1
1279	1
1320	1
1387	1
1402	1
1435	1
1441	1
1443	1
1462	1
1466	1
1487	2
1495	1
1497	1
1516	1
1574	1
1589	1
1611	1
1688	1
1697	1
1715	1
1733	1
1739	1
1758	1
1759	1
1775	1
1781	1
1905	1
1906	1
1909	1
1931	1
1945	1
1960	1
2011	1
2016	1
2066	1
2103	1
2109	1
2110	1
2173	1
2174	1
2175	1
2181	1
2213	1
2229	1
2249	1
2257	1
2273	1
2278	1
2312	1
2333	1
2364	1
2371	1
2378	1
2386	1
2392	1
2405	1
2412	1
2454	1
2462	1
2495	1
2503	1
2505	1
2506	1
2618	1
2688	1
2706	1
2718	1
2722	1
2724	1
2746	1
2747	1
2773	1
2854	1
2870	1
2877	1
2909	1
2918	1
2924	1
2941	1
2965	1
2966	1
3020	1
3033	1
3048	1
3070	1
3080	1
3109	1
3143	1
3166	1
3178	1
3181	1
3227	1
3257	1
3261	1
3283	1
3287	1
3313	1
3323	1
3325	1
3347	1
3369	1
3370	1
3403	1
3412	1
3417	1
3423	1
3426	1
3456	1
3460	1
3471	1
3491	1
3493	1
3506	1
3507	1
3534	1
3579	1
3619	1
3641	1
3654	1
3670	1
3681	1
3689	1
3709	1
3787	1
3798	1
3805	1
3811	1
3813	2
3834	1
3879	1
3915	1
3969	1
3972	1
3999	1
4003	1
4023	1
4085	1
4088	1
4111	1
4134	1
4149	1
4229	1
4234	1
4242	1
4261	1
4264	1
4273	1
4277	1
4289	1
4317	1
4325	1
4343	1
4347	1
4364	1
4367	2
4383	1
4389	1
4395	1
4404	1
4411	1
4419	1
4445	1
4454	1
4465	1
4468	1
4527	1
4535	1
4545	1
4566	1
4616	1
4644	1
4656	1
4677	1
4682	1
4694	1
4698	1
4704	1
4754	1
4766	1
4772	1
4779	1
4807	1
4810	1
4813	2
4822	1
4834	1
4837	1
4855	1
4859	1
4883	1
4884	1
4918	1
4927	1
4938	1
4958	1
4976	1
4990	1
5170	1
5190	1
5238	1
5241	1
5242	1
5247	1
5257	1
5290	1
5299	1
5305	2
5359	1
5393	1
5428	1
5436	1
5443	1
5464	1
5470	1
5482	1
5483	1
5504	1
5514	1
5534	1
5554	1
5573	1
5595	1
5598	1
5609	1
5617	1
5624	1
5655	1
5658	1
5683	1
5700	1
5745	1
5764	1
5791	1
5838	1
5842	1
5855	1
5861	1
5866	1
5888	1
5959	1
5968	1
5974	1
5978	1
5982	1
5990	1
6022	1
6035	1
6041	1
6043	1
6086	1
6087	1
6091	1
6128	1
6166	1
6168	1
6184	1
6190	1
6215	1
6326	1
6398	1
6429	1
6492	1
6526	1
6539	1
6543	1
6544	1
6558	1
6598	1
6642	1
6664	1
6665	1
6695	1
6712	1
6721	1
6727	1
6728	1
6735	1
6776	1
6784	1
6798	1
6821	1
6831	1
6863	1
6907	1
6909	1
6954	1
6959	1
6981	1
6997	1
7007	1
7023	1
7069	1
7087	1
7121	1
7160	1
7175	1
7180	1
7199	1
7208	1
7237	1
7245	1
7250	1
7288	1
7290	1
7309	1
7325	1
7341	1
7344	1
7353	1
7355	1
7370	1
7375	1
7391	1
7429	1
7462	1
7487	1
7516	1
7545	1
7566	1
7588	1
7603	1
7612	1
7650	1
7663	1
7681	1
7689	1
7711	1
7733	1
7749	1
7758	1
7770	1
7782	1
7789	1
7810	1
7828	1
7829	1
7851	1
7868	1
7879	1
7883	1
7894	1
7907	1
7953	1
8035	1
8039	1
8073	1
8172	1
8223	1
8235	1
8287	1
8303	1
8339	1
8345	1
8374	1
8387	1
8391	1
8427	1
8439	1
8441	1
8442	1
8447	1
8462	1
8475	1
8505	1
8511	1
8537	1
8550	1
8580	1
8609	1
8615	1
8653	1
8659	1
8669	1
8694	1
8711	1
8712	1
8721	1
8740	1
8758	2
8766	1
8774	1
8775	1
8789	1
8803	1
8811	1
8854	1
8863	1
8878	1
8893	1
8946	1
8948	1
9021	1
9039	1
9060	1
9072	1
9089	1
9111	1
9113	1
9128	1
9153	1
9156	1
9163	1
9187	1
9194	1
9250	1
9262	1
9278	1
9322	1
9328	1
9330	1
9380	1
9414	1
9534	1
9597	1
9599	1
9712	1
9716	1
9735	1
9761	1
9762	1
9787	1
9793	1
9811	1
9843	1
9861	1
9872	1
9893	1
9904	1
9905	1
9906	1
9913	2
9923	1
9950	1
9975	1
9978	1
9982	1
9985	1
9986	1
9992	1
10027	1
10028	2
10072	1
10105	1
10119	1
10150	1
10167	1
10187	1
10206	1
10320	1
10357	1
