1	1
26	1
44	1
64	1
84	1
105	1
108	1
110	1
131	1
143	1
148	1
166	1
173	1
190	1
241	1
262	1
291	1
347	1
454	1
465	1
505	1
506	1
562	1
564	1
573	1
587	1
601	1
617	1
681	1
686	1
694	1
695	1
703	1
728	1
743	1
771	1
773	1
787	1
804	1
819	1
830	1
856	1
858	1
893	1
914	1
939	1
955	1
1056	1
1077	1
1081	1
1101	1
1106	1
1116	1
1160	1
1163	1
1211	1
1238	1
1247	1
1256	1
1276	1
1297	1
1306	1
1367	1
1390	2
1394	1
1433	1
1438	1
1440	1
1445	1
1450	1
1464	2
1601	1
1616	1
1664	1
1686	1
1695	1
1702	1
1722	1
1730	1
1740	1
1761	1
1765	1
1783	1
1785	1
1788	1
1813	1
1859	1
1871	1
1876	1
1880	1
1887	1
1892	2
1896	1
1909	1
1964	1
2024	1
2043	1
2053	1
2057	1
2098	1
2127	1
2136	1
2236	1
2257	1
2284	1
2311	1
2365	1
2375	1
2379	1
2462	1
2490	1
2503	1
2512	1
2523	1
2547	1
2550	2
2555	1
2567	1
2611	1
2632	1
2644	1
2655	1
2690	1
2722	1
2745	1
2749	1
2750	1
2782	1
2792	1
2834	1
2850	1
2889	1
2921	1
2933	1
2989	1
3004	1
3014	1
3038	1
3084	1
3140	1
3142	1
3159	1
3170	1
3172	1
3219	1
3225	1
3231	1
3232	1
3266	1
3275	1
3327	1
3367	1
3372	2
3380	1
3404	1
3405	1
3425	1
3431	1
3433	1
3434	1
3479	1
3483	1
3493	1
3517	1
3534	1
3556	1
3565	1
3582	1
3589	1
3616	1
3679	1
3731	1
3732	1
3746	1
3759	1
3794	1
3805	1
3813	1
3817	1
3825	1
3829	1
3834	1
3855	1
3884	1
3894	1
3901	1
3912	1
3939	1
3994	2
4032	1
4085	1
4086	1
4130	1
4145	1
4270	1
4283	1
4294	2
4304	1
4308	1
4313	2
4327	1
4330	1
4343	1
4359	1
4377	1
4399	1
4402	1
4410	1
4441	1
4475	1
4489	1
4532	1
4565	1
4587	1
4604	1
4622	1
4631	1
4684	1
4689	1
4698	1
4727	1
4736	1
4802	1
4814	1
4827	1
4837	1
4841	1
4844	1
4867	1
4907	1
4928	1
4974	1
4995	1
4996	1
5001	1
5002	1
5046	1
5086	1
5095	1
5170	1
5176	1
5190	1
5225	1
5228	1
5270	1
5285	1
5292	1
5299	1
5308	1
5317	1
5330	2
5354	1
5357	1
5373	1
5414	1
5448	1
5457	1
5460	1
5476	1
5488	1
5492	1
5541	1
5606	1
5608	1
5616	1
5631	1
5646	1
5704	1
5710	1
5711	2
5726	1
5731	1
5732	1
5773	1
5806	1
5849	1
5858	1
5915	2
5923	1
5962	1
5991	1
6047	1
6074	1
6085	1
6088	1
6107	2
6137	1
6155	1
6187	1
6225	1
6255	1
6276	1
6310	1
6344	1
6345	1
6346	1
6379	1
6415	1
6436	1
6441	1
6453	1
6461	1
6474	1
6487	1
6539	1
6562	1
6600	1
6603	1
6609	1
6625	1
6680	1
6699	1
6743	1
6760	1
6764	1
6769	1
6774	1
6811	1
6857	1
6876	1
6879	2
6915	1
6916	1
6931	1
6947	1
6964	1
6987	1
6997	2
7024	1
7041	1
7052	1
7081	1
7089	1
7097	1
7112	1
7133	1
7140	1
7154	1
7199	1
7221	2
7227	1
7263	1
7264	1
7275	1
7294	1
7327	1
7336	1
7377	1
7466	1
7468	1
7482	1
7496	2
7539	1
7570	1
7574	1
7590	1
7591	1
7597	1
7669	1
7685	1
7713	1
7727	1
7749	1
7811	1
7818	1
7821	2
7867	1
7902	1
7910	1
7916	1
7954	1
7955	1
7972	1
7978	1
7989	1
7992	1
8035	1
8057	1
8065	1
8095	1
8120	1
8122	1
8184	1
8191	1
8226	1
8243	1
8283	1
8312	1
8339	1
8356	1
8367	2
8376	1
8387	1
8400	1
8430	1
8432	1
8467	1
8488	1
8554	1
8588	1
8596	1
8611	1
8653	1
8667	1
8680	1
8691	1
8724	1
8727	1
8736	1
8739	1
8792	1
8802	1
8825	1
8826	1
8843	1
8920	1
8933	1
8948	1
8965	1
8996	1
9016	1
9018	1
9030	1
9070	1
9103	1
9109	1
9110	1
9126	1
9133	1
9140	1
9153	1
9198	1
9219	1
9281	1
9320	1
9323	1
9357	1
9369	1
9384	1
9387	1
9391	2
9394	1
9425	1
9438	1
9456	1
9495	1
9504	1
9555	1
9557	1
9566	1
9575	1
9651	1
9694	1
9707	1
9735	1
9772	1
9817	1
9822	1
9846	1
9859	1
9868	1
9890	1
9891	1
9979	1
9993	1
10021	1
10034	1
10045	1
10069	1
10091	1
10116	1
10143	1
10147	1
10204	1
10215	1
10219	1
10230	1
10313	1
10323	1
10358	1
10365	1
10378	1
10386	1
10388	1
10440	1
10453	1
10470	1
10500	1
10516	1
10520	1
10553	1
10560	1
10601	1
