334028405
204923179
49396595
331586320
211533548
309826273
883105259
181791709
138103838
664651276
355895025
890701553
186407104
371838920
184448256
383517142
37391986
185997630
184857215
156034264
77669360
461223607
27231343
126470776
82453353
234754169
505185404
370977391
32311883
284356113
180012693
228782593
26366724
572535370
160353146
90480584
163433717
142325819
212835304
66604693
863959453
587399293
792845119
210481023
878907637
948220487
525391479
297682454
124542940
361782439
653834742
91353701
989367539
186772662
654540594
307357291
42565132
84285349
148573415
418247862
168814097
480862172
296493230
268657806
285872284
71293408
617296640
212756090
509086539
133883118
644782701
304776999
171295175
314721068
249043871
971314130
512155436
632740762
131157194
661794944
580732537
247833486
238443605
165438347
543464049
123973465
523970319
843177442
210650211
132559611
30256610
676552302
117287535
280956101
974529851
913371528
463752523
248295715
97336615
171318236
198977808
200686339
200838009
158900244
334222804
564382279
86363271
16794982
75954399
227046096
298308907
168069600
434971545
276325412
251630717
518285304
470465855
127275365
276929970
258886786
415742400
863335306
480920221
50710692
284449608
986048822
75294572
15776108
239455573
190625156
12044788
180090256
470386410
155012523
694850833
60211754
253368009
242387983
344822050
27851607
282723208
99247567
311108164
146563239
184856904
746610824
207179682
50495020
69352841
760042096
686937571
998501893
348777698
269357311
992127973
256823500
521036605
317750550
312742952
67546901
97520615
199938324
239108372
307605355
254464261
436044472
345338030
550956004
705359844
88963736
646405557
245496781
54943716
178345857
24602439
628138195
604098310
109782054
227546549
658833435
25138738
167495800
310781316
766997294
103658362
180032861
141945988
320040436
12018949
283970158
64993089
768746623
630060675
195716709
671560573
103749323
117556318
330248905
523780893
874365252
837364367
202196811
965044867
848968896
789196839
444315260
202760458
144453868
232408719
793329588
224036482
263933168
649672001
295425227
11463445
214316058
99688631
970019316
246020784
210503603
179441302
184720263
191743768
875329670
24707187
151814272
519645977
275111352
330804704
58669990
37580221
176861893
251435031
494126945
331748711
402103492
858621795
287619828
864577148
94177705
423607210
753140476
297571576
980586793
243298548
462492696
671096849
794731334
335128085
149172610
888041104
194248767
806889901
575391730
111350739
27029318
116821458
209342105
397326641
942220308
37828943
14119261
846331209
316886498
446348553
201726405
32749544
190044901
118714399
156303549
274072469
261510508
318558739
997144827
849591692
830631623
279958354
169809734
543505461
29258508
462472552
169156484
203315988
233132231
127115838
317870826
302529753
232499509
283229966
609976092
194781823
259058141
993615282
252693133
252195802
131076295
328707913
274967234
143140954
162875310
309475215
228722605
672704237
853041561
243695750
225124193
160647338
200947050
865355383
90114630
309624000
246841554
703281660
496108809
858362023
13534477
93073885
261338245
209122297
377671934
120183395
779440551
121329311
540298277
122273150
109234998
382935597
746446485
861772755
630951810
296311105
539453022
258633415
325007014
673792516
237868126
234160995
592444953
332542108
160823435
123745534
101911668
326646540
514887808
458789984
281282159
70258251
249930939
31794517
23912952
270401259
565723406
84511156
158905897
510147707
236087065
841277838
152432752
861838532
687185463
111685513
276637929
295645198
134112964
75432515
820354707
297755181
331893982
125658642
645940099
652800826
39615628
196837202
425418921
519671331
249079663
848892540
278803157
191979199
496173872
694745599
115487658
270367889
62424802
756171695
424206037
223345952
537731581
612503109
229687733
184823942
856159054
267731209
321407164
560029982
885912246
105187429
336181933
33175231
910568841
281057870
962733190
510389907
690318071
740193374
864401481
72382802
146768417
50169638
187545988
670906669
728501927
110604408
67037115
257679199
266816012
265161022
118195598
966135234
189094648
304184014
283672551
540381912
87728206
224415835
341905252
165357257
247090681
586954517
278714854
229471533
27938827
365136587
248942696
768782914
61146603
92542481
284791117
177597267
717567585
309006791
315703009
201760054
197882584
146587688
316053177
948577876
286035057
881152754
445252514
144321361
621797434
686005348
86786211
120970720
817854622
83559477
455225726
91948332
140056795
30907163
109181250
489074182
109930902
259888277
250399032
225938616
15719059
218238417
52911240
56003074
272909460
504882637
76199620
697092872
277877504
318021845
533106987
746826813
297014566
204127337
135134539
294425915
318814095
279478183
225552118
72940918
249855929
152578626
124587719
115259135
125754980
188858151
149648582
306461551
447235139
100677073
62843690
163164844
72807801
94002810
313911305
994825619
328129054
319191277
494700224
160600347
878572084
173915398
332812652
660067887
407140408
