188192552
133975374
560249526
57808945
976265237
723783700
565629433
71602025
620543985
1118072735
725623487
679275808
312473979
1318940383
35761811
56787957
378266361
1099523106
233652413
302876632
186474836
1470288283
44872388
291262500
73791611
669944084
982805416
910317617
98381258
77642821
543053400
67763659
78910195
830062595
499299608
261037395
203784215
848970910
90870482
503443115
866710571
945170914
66475268
432789857
239560796
243025192
511023328
102003448
1050674446
200745711
423333206
467620310
847671500
55349304
856147365
1537325060
86255405
480593721
56070363
254137623
71547414
549281155
990482598
955689501
58327500
373941208
208870874
77076525
849323822
91932400
985395892
170967853
1152828748
141788601
163332353
491594305
311968401
452206886
556571248
203672446
265990307
676266478
330319437
148873840
1028030901
288394746
1469493218
189331023
336995400
821040778
426688050
811512220
151867288
291612116
295446155
309775088
715070543
1212364928
502508877
830418633
983540565
142327815
192213725
971034688
746228144
395005318
174870972
380921444
244552778
892278050
256656067
713745491
374576001
304769136
19843590
1121464462
694887508
67672093
214320607
147593521
638504785
691496339
196014338
962495662
1594141917
76447140
267881928
744517139
497625247
349870109
840465197
339725059
1200249119
183701125
284887468
287947548
362079910
22270121
263240415
716101118
211222113
1063379985
588362065
65733981
99742031
1599848208
23223367
847702058
275110815
153634801
308248277
264713133
611708212
467995689
1621111456
287923775
677072630
701990435
259105298
475769659
158807021
557283575
302229939
42587841
100750684
1003477016
1191049065
238374635
1332693526
299011905
149062832
157640977
1657849183
41039425
464655171
318651836
155780295
184845352
308385853
97295128
224770340
237649091
467614103
58041481
1469878776
695289119
727733364
169268687
441494571
149611193
985116829
547059742
191474303
332152697
791725993
719260567
303632183
189602622
975147387
189400909
855100307
270214368
314405853
543404503
860252989
316817552
1545678031
40282987
532917010
149376942
39081764
762865789
392682516
59922603
940344516
77504774
636602932
547469420
296969200
165773982
1169779213
742116332
548696950
779231622
1624228579
750800837
932337464
123051224
752496781
152577932
487678054
1505679046
49726665
52951899
141031686
463171101
35856491
57195348
297340483
1248180294
545996436
275993411
426364000
311197405
132053256
317318421
141109611
1086655406
826482681
708020790
1265565412
54870806
77255243
128392697
350866276
177994525
439750012
381974400
228733421
288808728
543797206
86235627
43908824
812971381
1192095811
624007279
1644211385
315274314
1210146481
110485212
76860608
158143998
986206697
1017642802
573053409
318136993
480240399
803049352
81210342
596298013
803007243
702603480
85038849
668061700
339790521
795012997
659356056
151426231
763861634
975867021
354322605
411388438
457702088
691656395
545905242
87049831
811300083
1034267069
402745831
593837126
397367632
53271402
1632901755
1409201005
220323487
742394743
137106359
605733325
454843572
84380380
110608301
129416706
1055083486
305998805
911045083
1198037829
665530373
114728480
613848358
592097338
251851606
175459842
1538556033
926472863
735402189
1592976079
181415812
867268709
362005915
423733849
41057488
987259985
209535164
1052987096
382099325
189377881
256133141
185254144
978859750
38156287
94142426
813877036
300425600
301623577
1147582380
972169125
609282649
56639497
69449969
88707044
243603897
81980062
92803773
427813084
20492564
753739441
762546685
94188006
265124436
198061734
765022944
42733465
43932425
637150129
753934403
809342521
669306094
781737090
76992606
1460972612
922044287
393114061
105075706
266408683
1618208822
313442025
576184396
101744964
598095034
231003497
26169068
557306931
357591332
1238240503
116959634
591234753
36562288
235206854
94538508
564857166
1345224538
1351277244
449762026
75578130
305143444
27284401
1425996533
357105267
181244160
150071902
219098610
894739074
160226766
1351702042
284906847
936970853
79271436
1039193623
479544856
238875623
815044077
1509436447
18332858
1265875786
182573677
612273258
75101465
783332500
140820234
851434295
503375279
154438805
51923342
141973273
554720932
109658960
1440883244
92933503
53844363
93996547
158300200
218631907
701006324
1153077662
1594396572
106942221
360177965
27761264
106221003
285631285
945947494
244372053
216392952
1645819117
881468415
1275336025
104477311
62348155
301092191
119950196
747466245
550912781
93445224
149584276
784106208
511719556
986850241
793241499
103247978
16282142
165109096
1053434748
238454371
550683749
40583600
182221525
426527251
72113633
247289497
76270073
725412561
237725375
501275330
321972612
280199826
999026635
90188614
587090054
151545637
666068950
330452406
226695759
186948505
502926472
646961226
627683265
170732196
150762287
252488293
298125032
953609878
1483868924
225979662
168603571
1115575110
55843227
1019114580
497430633
373747618
1259117966
173621511
87276061
567772308
107716340
237545926
325421934
140730149
148677479
200266011
848024351
868388938
317676373
