100042665
184411464
128038098
306090937
253210519
297155078
233655473
76230653
219015404
165771885
157044070
273799498
54692699
324281946
255180340
192913531
243360392
145856194
37961935
34900418
92462673
144880031
167252521
115845106
285620389
210283718
284804991
298407969
247678201
254923074
169398751
107489200
21925408
26183816
137665145
171788737
84463818
16411546
214093034
215331116
210365939
287837384
294712627
92877545
203612787
138251988
290481502
269978511
126780183
102391681
325781121
289390706
67213379
231378675
43872265
165275850
236301611
98741695
323556621
268714959
26906992
307123639
59953017
110431210
41060241
259797373
311888287
19862823
236183088
247154586
214739403
250968900
178596702
239170363
323343687
149552455
294503904
264882013
122796551
95498403
133492285
103624379
87382912
193476058
50905017
288941729
267293957
101928069
105541606
41248680
190413031
24942323
207126157
188204770
17009364
292347332
23956371
268442370
148519222
218105551
135060950
256769953
200408904
60444786
208984092
171729172
279857451
84604359
121137420
218679871
87419528
179565899
226652044
271756556
219520223
153890056
280825430
104137229
99320700
202737391
94336515
258341655
229688668
300912970
183245868
263215425
117944940
213973082
310123662
244866584
263612368
170679680
223233615
228653437
97181237
212960985
261519469
198352193
48773139
301910313
329508037
161343900
74038392
257679595
150717603
127908645
122062263
258718080
174244935
230771447
217466613
36511811
197367950
192487377
96458780
43936820
285698886
289255030
295555107
270922003
306846825
22781785
194834022
206789721
157128106
78954426
330616809
287396382
47232133
309797798
164772274
94347072
21835330
296297981
207827188
19035239
63048933
199000168
37832834
99166203
148432855
324866851
275528877
65020839
218960989
105036118
116556963
281496424
89150701
329814731
333297384
192312856
171203390
49736303
276068923
25484753
13198313
75574935
189089389
172794893
190060564
182328856
151861916
20391483
31918119
173738071
81617801
139274322
305426938
160329186
84355514
95018225
194424236
67011331
271662519
184994140
43656450
182893659
232129314
146718128
196596141
306659342
231261294
115843258
240253410
130054689
173816317
69645288
269479212
102345391
334689720
119199684
73007590
184917017
15853029
322431861
269661467
30577949
102926406
231183350
42045160
259751684
224004206
239977439
146694918
17042186
313226106
218628604
255181283
238765832
46016070
17393956
101523797
62135215
29039417
270354314
14110127
170047943
173931105
161693139
29458340
241911473
215389789
296419315
285204313
181674721
135788414
206124147
153049419
184641493
322077371
97373832
120267892
287085199
106953255
207907118
332227075
332129878
108259109
198696162
186772352
115839623
188062733
274908621
69668932
30369904
219229532
273479413
265300861
80671126
104546462
244389426
205907769
274158758
318750663
215009525
252268434
194304532
94026566
277573787
102691952
326542647
205577797
142337132
207293518
186783193
254482468
48802775
48993433
26654699
31399418
48538535
236736065
54902966
225344880
27459650
244943749
256038718
167623964
40023507
75653024
220383755
259319067
310591102
305647169
307794050
241171612
198909154
82779610
108376869
330056135
316396813
106996637
108820990
216925558
194619792
232967890
119628578
95693554
281208076
29599880
150118783
104995195
153993577
58315578
157265146
45279317
131746122
147522412
122623173
130250789
268896635
101599515
269190989
110321500
156393047
86110763
290389782
242029896
30926152
132727617
134167154
164710686
68119330
43778847
119880231
155980868
304512319
329268311
184658456
194132098
147135042
21310573
124529155
105570643
187824363
228234263
82037918
152748811
205673063
283295188
159880385
77650309
274953393
286188642
169288596
209289758
249389699
40798575
45307586
141062985
291158677
178697067
84238858
300496545
15817451
216314336
26247282
100061250
162334173
244405566
115520225
304880272
70756615
129074745
13189519
146560608
73136339
93251046
281033707
207925158
51605581
180521775
20140087
68151673
54721401
226450053
92375416
236649927
16093465
35414152
125641183
165009081
21244309
14564084
191298251
219874616
84511213
75774553
216236438
231423122
53633818
12615764
295523071
118849491
196146626
114785049
143039066
329829240
192694070
238169617
45545548
152689541
135408193
136899173
105905988
84870924
233062853
89002194
332400849
202723273
51098603
264317189
201843745
291396507
190920409
258353447
87081759
50944329
276894939
295908719
116162213
157469920
76506558
99791011
240431746
135383904
195120758
70146588
58000570
143159574
248968689
100860697
122173093
65656318
189367919
166868350
225281746
95715936
31022740
140923115
186001478
173698684
241462549
176046003
104742798
189990179
99218297
112307644
223149263
235083581
155289416
49023129
213748792
63988737
12125689
126556849
173871353
299399059
254697838
83491134
21419674
279583544
277664936
223210355
308881947
19086575
117241554
81643114
44509281
183806046
108330238
