709435.2761310489 1.0203248498329021E7 
973386.877328597 9794673.290976636 
973386.877328597 9794673.290976636 
709435.2761310489 1.0203248498329021E7 
805764.888707988 9794673.290976638 
712847.0741568326 1.0195255689867778E7 
712902.9356389809 9951310.56846977 
713192.0590419194 9827911.886361096 
713178.2972697669 9951239.428089906 
777484.435564955 9798252.08432456 
792773.7795835965 9796632.057546467 
775367.1842084816 9799579.97533054 
763611.0646672533 9800319.554354731 
794843.1544422079 9796293.317754734 
805764.888707988 9794673.290976638 
754254.6325765634 9804005.891778177 
744494.6276626424 9804745.470802367 
729723.986025322 9818055.963764718 
721951.1234500681 9818299.051121756 
742369.0873148546 9806704.237372192 
735957.684133439 9808059.85188367 
715743.3121087891 9819919.077899855 
721951.1234500681 9818299.051121756 
762654.496713643 9801538.741900366 
757276.7210543368 9802278.320924554 
711212.983410262 1.0197214456437603E7 
710007.1685472042 1.0202368050575115E7 
714969.7663211325 9821877.844469678 
713656.1601898554 9826291.859583 
730091.7238229899 9812086.088483667 
794843.1544422079 9796293.317754734 
792773.7795835965 9796632.057546467 
777484.435564955 9798252.08432456 
733793.7406815337 9810127.321913844 
730883.7238229899 9812086.088483665 
729872.5323813325 9815988.493734546 
775463.7928902721 9798699.527576637 
714969.7663211325 9821877.844469678 
713656.1601898554 9826291.859583 
743358.8181472059 9805084.210594097 
730883.7238229899 9812086.088483665 
733793.7406815337 9810127.321913844 
754351.241258354 9803125.444024272 
757276.7210543368 9802278.320924554 
742369.0873148546 9806704.237372192 
734585.7406815337 9810127.321913842 
735167.4715138848 9808507.295135748 
755777.840418916 9802678.000772195 
710007.1685472042 1.0202368050575115E7 
755777.840418916 9802678.000772195 
735957.684133439 9808059.85188367 
744494.6276626424 9804745.470802367 
729872.5323813325 9815988.493734546 
762751.1053954335 9800658.294146461 
711212.983410262 1.0197214456437603E7 
763611.0646672533 9800319.554354731 
715743.3121087891 9819919.077899855 
715457.8674690686 9820257.817691581 
743358.8181472059 9805084.210594097 
713192.0590419194 9827911.886361096 
709847.4988976195 1.020324849832902E7 
712094.3204661377 1.019599526889197E7 
735167.4715138848 9808507.295135748 
712094.3204661377 1.019599526889197E7 
715457.8674690686 9820257.817691581 
711808.8758264174 1.0196334008683696E7 
711498.4280499823 1.0196875716645872E7 
734585.7406815337 9810127.321913842 
754254.6325765634 9804005.891778177 
775367.1842084816 9799579.97533054 
762654.496713643 9801538.741900366 
712847.0741568326 1.0195255689867778E7 
711498.4280499823 1.0196875716645872E7 
711808.8758264174 1.0196334008683696E7 
754351.241258354 9803125.444024272 
775463.7928902721 9798699.527576637 
762751.1053954335 9800658.294146461 
729723.986025322 9818055.963764718 
730091.7238229899 9812086.088483667 
713084.2677737002 9951239.42808991 
709847.4988976195 1.020324849832902E7 
713084.2677737002 9951239.42808991 
712902.9356389809 9951310.56846977 
713178.2972697669 9951239.428089906 
973386.877328597 9794673.290976636 
709435.2761310489 1.0203248498329021E7 
805764.888707988 9794673.290976638 
721951.1234500681 9818299.051121756 
794843.1544422079 9796293.317754734 
792773.7795835965 9796632.057546467 
777484.435564955 9798252.08432456 
714969.7663211325 9821877.844469678 
713656.1601898554 9826291.859583 
730883.7238229899 9812086.088483665 
733793.7406815337 9810127.321913844 
757276.7210543368 9802278.320924554 
742369.0873148546 9806704.237372192 
710007.1685472042 1.0202368050575115E7 
755777.840418916 9802678.000772195 
735957.684133439 9808059.85188367 
