245956.6628383337 1.1817748431428842E7 
255580.84247745053 1.1790478995380238E7 
245956.6628383337 1.1817748431428842E7 
255580.84247745053 1.1790478995380238E7 
248823.10497405764 1.1800854256361278E7 
251002.97480712173 1.1798855614496997E7 
254722.41718516868 1.1791258553488806E7 
254722.41718516868 1.1791258553488806E7 
251002.97480712173 1.1798855614496997E7 
248568.52373081062 1.1809230875478037E7 
248411.53020241775 1.1809892265749093E7 
248411.53020241775 1.1809892265749093E7 
250442.06357336833 1.1799635172605567E7 
250442.06357336833 1.1799635172605567E7 
248823.10497405764 1.1800854256361278E7 
248568.52373081062 1.1809230875478037E7 
245956.6628383337 1.1817748431428842E7 
255580.84247745053 1.1790478995380238E7 
254722.41718516868 1.1791258553488806E7 
251002.97480712173 1.1798855614496997E7 
248411.53020241775 1.1809892265749093E7 
250442.06357336833 1.1799635172605567E7 
248823.10497405764 1.1800854256361278E7 
248568.52373081062 1.1809230875478037E7 
245956.6628383337 1.1817748431428842E7 
255580.84247745053 1.1790478995380238E7 
254722.41718516868 1.1791258553488806E7 
251002.97480712173 1.1798855614496997E7 
248411.53020241775 1.1809892265749093E7 
250442.06357336833 1.1799635172605567E7 
248823.10497405764 1.1800854256361278E7 
248568.52373081062 1.1809230875478037E7 
245956.6628383337 1.1817748431428842E7 
255580.84247745053 1.1790478995380238E7 
254722.41718516868 1.1791258553488806E7 
251002.97480712173 1.1798855614496997E7 
248411.53020241775 1.1809892265749093E7 
250442.06357336833 1.1799635172605567E7 
248823.10497405764 1.1800854256361278E7 
248568.52373081062 1.1809230875478037E7 
255580.84247745053 1.1790478995380238E7 
245956.6628383337 1.1817748431428842E7 
254722.41718516868 1.1791258553488806E7 
251002.97480712173 1.1798855614496997E7 
248411.53020241775 1.1809892265749093E7 
250442.06357336833 1.1799635172605567E7 
248823.10497405764 1.1800854256361278E7 
248568.52373081062 1.1809230875478037E7 
245956.6628383337 1.1817748431428842E7 
255580.84247745053 1.1790478995380238E7 
254722.41718516868 1.1791258553488806E7 
251002.97480712173 1.1798855614496997E7 
248411.53020241775 1.1809892265749093E7 
250442.06357336833 1.1799635172605567E7 
248823.10497405764 1.1800854256361278E7 
248568.52373081062 1.1809230875478037E7 
255580.84247745053 1.1790478995380238E7 
245956.6628383337 1.1817748431428842E7 
254722.41718516868 1.1791258553488806E7 
251002.97480712173 1.1798855614496997E7 
248411.53020241775 1.1809892265749093E7 
250442.06357336833 1.1799635172605567E7 
248823.10497405764 1.1800854256361278E7 
248568.52373081062 1.1809230875478037E7 
245956.6628383337 1.1817748431428842E7 
255580.84247745053 1.1790478995380238E7 
254722.41718516868 1.1791258553488806E7 
251002.97480712173 1.1798855614496997E7 
248411.53020241775 1.1809892265749093E7 
250442.06357336833 1.1799635172605567E7 
248823.10497405764 1.1800854256361278E7 
248568.52373081062 1.1809230875478037E7 
245956.6628383337 1.1817748431428842E7 
255580.84247745053 1.1790478995380238E7 
254722.41718516868 1.1791258553488806E7 
251002.97480712173 1.1798855614496997E7 
248411.53020241775 1.1809892265749093E7 
250442.06357336833 1.1799635172605567E7 
248823.10497405764 1.1800854256361278E7 
248568.52373081062 1.1809230875478037E7 
255580.84247745053 1.1790478995380238E7 
245956.6628383337 1.1817748431428842E7 
254722.41718516868 1.1791258553488806E7 
251002.97480712173 1.1798855614496997E7 
248411.53020241775 1.1809892265749093E7 
250442.06357336833 1.1799635172605567E7 
248823.10497405764 1.1800854256361278E7 
248568.52373081062 1.1809230875478037E7 
245956.6628383337 1.1817748431428842E7 
255580.84247745053 1.1790478995380238E7 
254722.41718516868 1.1791258553488806E7 
251002.97480712173 1.1798855614496997E7 
248411.53020241775 1.1809892265749093E7 
250442.06357336833 1.1799635172605567E7 
248823.10497405764 1.1800854256361278E7 
248568.52373081062 1.1809230875478037E7 
245956.6628383337 1.1817748431428842E7 
255580.84247745053 1.1790478995380238E7 
254722.41718516868 1.1791258553488806E7 
251002.97480712173 1.1798855614496997E7 
